1,112.9291869,28.2328570,359.475,-0.047,13,1
2,112.9291869,28.2328569,359.463,-0.047,13,1
3,112.9291875,28.2328573,359.533,-0.040,13,1
4,112.9291871,28.2328570,359.543,-0.043,-6,1
5,112.9291870,28.2328570,359.531,-0.049,5,1
6,112.9291870,28.2328570,359.538,-0.047,1,1
7,112.9291870,28.2328570,359.577,-0.047,1,1
8,112.9291870,28.2328570,359.613,-0.050,1,1
9,112.9291870,28.2328570,359.593,-0.048,1,1
10,112.9291871,28.2328570,359.618,-0.047,1,1
11,112.9291870,28.2328570,359.650,-0.052,1,1
12,112.9291870,28.2328569,359.654,-0.056,1,1
13,112.9291874,28.2328573,359.611,-0.048,1,1
14,112.9291872,28.2328570,359.591,-0.045,1,1
15,112.9291871,28.2328570,359.599,-0.048,1,1
16,112.9291871,28.2328570,359.620,-0.050,1,1
17,112.9291871,28.2328570,359.651,-0.050,4,1
18,112.9291871,28.2328570,359.634,-0.053,-3,1
19,112.9291871,28.2328570,359.651,-0.057,-3,1
20,112.9291871,28.2328570,359.625,-0.059,-3,1
21,112.9291871,28.2328569,359.645,-0.062,2,1
22,112.9291871,28.2328569,359.640,-0.064,-2,1
23,112.9291873,28.2328573,359.646,-0.055,1,1
24,112.9291872,28.2328570,359.681,-0.057,2,1
25,112.9291872,28.2328570,359.715,-0.060,-2,1
26,112.9291872,28.2328570,359.713,-0.063,3,1
27,112.9291871,28.2328569,359.723,-0.064,-1,1
28,112.9291871,28.2328570,359.743,-0.066,-1,1
29,112.9291871,28.2328569,359.763,-0.069,2,1
30,112.9291871,28.2328570,359.753,-0.071,1,1
31,112.9291871,28.2328569,359.777,-0.073,1,1
32,112.9291871,28.2328569,359.756,-0.077,1,1
33,112.9291872,28.2328574,359.753,-0.058,1,1
34,112.9291872,28.2328570,359.753,-0.062,1,1
35,112.9291872,28.2328570,359.745,-0.063,1,1
36,112.9291872,28.2328570,359.735,-0.066,1,1
37,112.9291871,28.2328570,359.753,-0.068,1,1
38,112.9291872,28.2328570,359.769,-0.071,1,1
39,112.9291872,28.2328569,359.785,-0.073,5,1
40,112.9291872,28.2328570,359.802,-0.076,6,1
41,112.9291871,28.2328569,359.790,-0.080,6,1
42,112.9291871,28.2328568,359.786,-0.083,5,1
43,112.9291872,28.2328574,359.824,-0.063,0,1
44,112.9291872,28.2328570,359.826,-0.065,-11,1
45,112.9291872,28.2328570,359.848,-0.069,-16,1
46,112.9291872,28.2328570,359.823,-0.071,-14,1
47,112.9291872,28.2328570,359.847,-0.073,-8,1
48,112.9291872,28.2328570,359.853,-0.077,-6,1
49,112.9291872,28.2328569,359.888,-0.079,-6,1
50,112.9291872,28.2328570,359.884,-0.082,-4,1
51,112.9291872,28.2328569,359.907,-0.086,1,1
52,112.9291871,28.2328569,359.900,-0.088,-2,1
53,112.9291873,28.2328575,359.905,-0.064,-1,1
54,112.9291872,28.2328570,359.889,-0.066,-1,1
55,112.9291872,28.2328570,359.922,-0.069,1,1
56,112.9291872,28.2328570,359.896,-0.070,2,1
57,112.9291872,28.2328570,359.898,-0.074,5,1
58,112.9291872,28.2328570,359.896,-0.080,4,1
59,112.9291871,28.2328570,359.869,-0.082,-5,1
60,112.9291872,28.2328570,359.881,-0.085,-2,1
61,112.9291871,28.2328569,359.878,-0.089,3,1
62,112.9291871,28.2328569,359.879,-0.094,-2,1
63,112.9291873,28.2328575,359.869,-0.068,1,1
64,112.9291872,28.2328570,359.859,-0.073,1,1
65,112.9291872,28.2328569,359.850,-0.078,1,1
66,112.9291872,28.2328570,359.826,-0.081,1,1
67,112.9291871,28.2328569,359.824,-0.085,2,1
68,112.9291872,28.2328570,359.839,-0.089,2,1
69,112.9291871,28.2328569,359.823,-0.093,2,1
70,112.9291871,28.2328570,359.842,-0.097,2,1
71,112.9291871,28.2328569,359.822,-0.102,2,1
72,112.9291871,28.2328568,359.839,-0.106,2,1
73,112.9291873,28.2328575,359.836,-0.076,2,1
74,112.9291872,28.2328570,359.849,-0.080,3,1
75,112.9291872,28.2328569,359.849,-0.083,3,1
76,112.9291872,28.2328570,359.871,-0.086,1,1
77,112.9291871,28.2328569,359.844,-0.090,-6,1
78,112.9291871,28.2328570,359.823,-0.092,-21,1
79,112.9291871,28.2328569,359.773,-0.096,-26,1
80,112.9291871,28.2328569,359.767,-0.099,-19,1
81,112.9291871,28.2328569,359.804,-0.103,-12,1
82,112.9291871,28.2328568,359.809,-0.106,-11,1
83,112.9291873,28.2328575,359.789,-0.073,-11,1
84,112.9291872,28.2328570,359.814,-0.076,-11,1
85,112.9291872,28.2328569,359.826,-0.079,-11,1
86,112.9291872,28.2328570,359.806,-0.081,-11,1
87,112.9291871,28.2328569,359.797,-0.083,-11,1
88,112.9291872,28.2328570,359.807,-0.086,-11,1
89,112.9291871,28.2328569,359.812,-0.087,-11,1
90,112.9291872,28.2328570,359.827,-0.089,-11,1
91,112.9291871,28.2328569,359.829,-0.093,-11,1
92,112.9291871,28.2328568,359.829,-0.100,-11,1
93,112.9291872,28.2328575,359.823,-0.071,-11,1
94,112.9291872,28.2328570,359.816,-0.064,-11,1
95,112.9291872,28.2328569,359.811,-0.053,-11,1
96,112.9291872,28.2328570,359.812,-0.040,-11,1
97,112.9291872,28.2328570,359.804,-0.018,-11,1
98,112.9291872,28.2328571,359.825,0.014,-11,1
99,112.9291872,28.2328571,359.845,0.048,-11,1
100,112.9291872,28.2328573,359.837,0.082,-11,1
101,112.9291872,28.2328574,359.807,0.116,-16,1
102,112.9291872,28.2328575,359.789,0.153,-25,1
103,112.9291872,28.2328575,359.780,0.138,-34,1
104,112.9291872,28.2328580,359.749,0.177,-43,1
105,112.9291872,28.2328582,359.723,0.216,-46,1
106,112.9291872,28.2328587,359.652,0.256,-47,1
107,112.9291872,28.2328589,359.623,0.288,-47,1
108,112.9291871,28.2328594,359.621,0.321,-47,1
109,112.9291872,28.2328597,359.585,0.364,-46,1
110,112.9291871,28.2328603,359.541,0.394,-47,1
111,112.9291871,28.2328607,359.512,0.422,-47,1
112,112.9291872,28.2328611,359.473,0.456,-47,1
113,112.9291875,28.2328624,359.420,0.567,-48,1
114,112.9291871,28.2328625,359.356,0.581,-49,1
115,112.9291871,28.2328630,359.289,0.594,-49,1
116,112.9291870,28.2328637,359.229,0.610,-49,1
117,112.9291870,28.2328643,359.193,0.623,-49,1
118,112.9291870,28.2328649,359.154,0.633,-49,1
119,112.9291870,28.2328655,359.105,0.635,-49,1
120,112.9291869,28.2328662,359.064,0.636,-49,1
121,112.9291870,28.2328667,359.034,0.643,-49,1
122,112.9291870,28.2328673,358.972,0.662,-48,1
123,112.9291866,28.2328685,358.919,0.716,-47,1
124,112.9291868,28.2328688,358.859,0.728,-46,1
125,112.9291868,28.2328694,358.786,0.736,-46,1
126,112.9291869,28.2328701,358.749,0.738,-44,1
127,112.9291869,28.2328708,358.720,0.745,-43,1
128,112.9291868,28.2328714,358.683,0.748,-43,1
129,112.9291869,28.2328721,358.646,0.741,-43,1
130,112.9291869,28.2328728,358.606,0.738,-42,1
131,112.9291870,28.2328735,358.617,0.732,-42,1
132,112.9291870,28.2328741,358.609,0.725,-42,1
133,112.9291870,28.2328749,358.533,0.727,-41,1
134,112.9291869,28.2328754,358.476,0.725,-40,1
135,112.9291869,28.2328761,358.437,0.720,-38,1
136,112.9291869,28.2328767,358.428,0.721,-35,1
137,112.9291869,28.2328774,358.398,0.723,-31,1
138,112.9291869,28.2328780,358.362,0.722,-28,1
139,112.9291869,28.2328786,358.316,0.720,-25,1
140,112.9291868,28.2328792,358.313,0.722,-24,1
141,112.9291868,28.2328798,358.248,0.728,-23,1
142,112.9291868,28.2328805,358.235,0.741,-22,1
143,112.9291866,28.2328810,358.284,0.736,-19,1
144,112.9291867,28.2328817,358.259,0.753,-18,1
145,112.9291866,28.2328823,358.212,0.758,-18,1
146,112.9291866,28.2328830,358.210,0.735,-18,1
147,112.9291865,28.2328836,358.195,0.720,-18,1
148,112.9291863,28.2328842,358.167,0.712,-18,1
149,112.9291863,28.2328848,358.180,0.712,-18,1
150,112.9291860,28.2328854,358.172,0.711,-18,1
151,112.9291860,28.2328860,358.147,0.710,-18,1
152,112.9291859,28.2328867,358.138,0.733,-18,1
153,112.9291854,28.2328869,358.117,0.725,-18,1
154,112.9291855,28.2328878,358.133,0.745,-18,1
155,112.9291854,28.2328885,358.081,0.763,-18,1
156,112.9291853,28.2328892,358.090,0.783,-18,1
157,112.9291852,28.2328899,358.051,0.811,-17,1
158,112.9291851,28.2328906,358.050,0.831,-14,1
159,112.9291850,28.2328913,358.030,0.850,-11,1
160,112.9291851,28.2328920,358.031,0.866,-11,1
161,112.9291850,28.2328928,358.028,0.871,-11,1
162,112.9291849,28.2328936,358.024,0.879,-11,1
163,112.9291849,28.2328941,358.020,0.857,-11,1
164,112.9291849,28.2328950,358.027,0.856,-10,1
165,112.9291849,28.2328958,358.009,0.852,-10,1
166,112.9291849,28.2328964,357.994,0.851,-10,1
167,112.9291848,28.2328972,357.964,0.854,-6,1
168,112.9291849,28.2328979,357.937,0.862,-2,1
169,112.9291849,28.2328987,357.919,0.865,2,1
170,112.9291850,28.2328994,357.882,0.866,3,1
171,112.9291850,28.2329002,357.883,0.868,4,1
172,112.9291850,28.2329009,357.873,0.888,4,1
173,112.9291855,28.2329012,357.869,0.848,5,1
174,112.9291853,28.2329023,357.861,0.838,8,1
175,112.9291853,28.2329030,357.897,0.832,10,1
176,112.9291853,28.2329037,357.888,0.828,10,1
177,112.9291854,28.2329044,357.913,0.811,10,1
178,112.9291853,28.2329051,357.942,0.799,10,1
179,112.9291853,28.2329058,357.940,0.790,10,1
180,112.9291854,28.2329064,357.949,0.785,10,1
181,112.9291854,28.2329071,357.979,0.781,10,1
182,112.9291855,28.2329078,357.993,0.778,10,1
183,112.9291853,28.2329081,358.005,0.731,10,1
184,112.9291853,28.2329090,358.035,0.726,10,1
185,112.9291853,28.2329096,358.042,0.727,10,1
186,112.9291853,28.2329103,358.053,0.728,10,1
187,112.9291853,28.2329109,358.069,0.735,10,1
188,112.9291852,28.2329115,358.097,0.740,10,1
189,112.9291852,28.2329122,358.105,0.745,10,1
190,112.9291852,28.2329128,358.091,0.752,10,1
191,112.9291852,28.2329135,358.083,0.759,10,1
192,112.9291852,28.2329142,358.070,0.764,10,1
193,112.9291848,28.2329146,358.182,0.745,10,1
194,112.9291851,28.2329154,358.174,0.753,10,1
195,112.9291851,28.2329161,358.186,0.759,10,1
196,112.9291850,28.2329167,358.252,0.767,10,1
197,112.9291850,28.2329174,358.268,0.773,10,1
198,112.9291850,28.2329181,358.312,0.782,10,1
199,112.9291850,28.2329188,358.318,0.785,11,1
200,112.9291849,28.2329194,358.320,0.797,12,1
201,112.9291849,28.2329202,358.356,0.801,12,1
202,112.9291850,28.2329209,358.375,0.807,12,1
203,112.9291845,28.2329212,358.399,0.747,13,1
204,112.9291847,28.2329222,358.437,0.751,13,1
205,112.9291847,28.2329228,358.443,0.750,13,1
206,112.9291847,28.2329235,358.475,0.748,14,1
207,112.9291847,28.2329242,358.527,0.747,14,1
208,112.9291847,28.2329249,358.562,0.745,14,1
209,112.9291847,28.2329256,358.605,0.748,14,1
210,112.9291846,28.2329263,358.607,0.754,14,1
211,112.9291846,28.2329269,358.627,0.753,14,1
212,112.9291846,28.2329276,358.684,0.754,14,1
213,112.9291845,28.2329284,358.719,0.806,14,1
214,112.9291846,28.2329291,358.771,0.809,14,1
215,112.9291845,28.2329298,358.842,0.810,14,1
216,112.9291845,28.2329305,358.877,0.817,14,1
217,112.9291845,28.2329312,358.930,0.825,14,1
218,112.9291844,28.2329318,358.938,0.831,14,1
219,112.9291844,28.2329326,358.981,0.844,14,1
220,112.9291844,28.2329333,359.005,0.852,14,1
221,112.9291844,28.2329341,359.020,0.859,14,1
222,112.9291844,28.2329349,359.041,0.864,14,1
223,112.9291842,28.2329352,359.068,0.821,11,1
224,112.9291844,28.2329362,359.100,0.826,9,1
225,112.9291844,28.2329369,359.128,0.823,9,1
226,112.9291843,28.2329377,359.163,0.820,9,1
227,112.9291843,28.2329384,359.170,0.822,8,1
228,112.9291843,28.2329391,359.207,0.824,9,1
229,112.9291843,28.2329399,359.229,0.822,8,1
230,112.9291843,28.2329406,359.267,0.817,5,1
231,112.9291843,28.2329413,359.294,0.816,5,1
232,112.9291843,28.2329421,359.298,0.816,2,1
233,112.9291841,28.2329427,359.304,0.831,1,1
234,112.9291841,28.2329435,359.319,0.839,1,1
235,112.9291841,28.2329443,359.305,0.833,1,1
236,112.9291841,28.2329450,359.314,0.835,1,1
237,112.9291842,28.2329457,359.323,0.841,1,1
238,112.9291841,28.2329464,359.312,0.838,1,1
239,112.9291842,28.2329472,359.310,0.840,1,1
240,112.9291841,28.2329479,359.320,0.843,1,1
241,112.9291841,28.2329486,359.349,0.841,1,1
242,112.9291841,28.2329494,359.335,0.840,1,1
243,112.9291839,28.2329498,359.291,0.810,1,1
244,112.9291840,28.2329507,359.278,0.807,1,1
245,112.9291840,28.2329515,359.283,0.804,1,1
246,112.9291840,28.2329522,359.293,0.805,1,1
247,112.9291840,28.2329529,359.295,0.805,1,1
248,112.9291840,28.2329536,359.338,0.811,1,1
249,112.9291840,28.2329544,359.347,0.809,1,1
250,112.9291839,28.2329551,359.375,0.808,1,1
251,112.9291839,28.2329558,359.367,0.811,1,1
252,112.9291840,28.2329565,359.373,0.814,1,1
253,112.9291838,28.2329571,359.391,0.790,1,1
254,112.9291839,28.2329580,359.384,0.795,1,1
255,112.9291839,28.2329587,359.398,0.803,1,1
256,112.9291838,28.2329594,359.408,0.806,1,1
257,112.9291839,28.2329601,359.431,0.808,1,1
258,112.9291838,28.2329609,359.462,0.807,1,1
259,112.9291839,28.2329616,359.467,0.810,1,1
260,112.9291838,28.2329624,359.485,0.820,1,1
261,112.9291839,28.2329631,359.503,0.820,1,1
262,112.9291839,28.2329639,359.501,0.818,1,1
263,112.9291835,28.2329647,359.514,0.832,1,1
264,112.9291837,28.2329653,359.502,0.828,1,1
265,112.9291838,28.2329661,359.493,0.833,1,1
266,112.9291837,28.2329667,359.498,0.831,0,1
267,112.9291838,28.2329675,359.525,0.828,-1,1
268,112.9291837,28.2329682,359.516,0.830,-1,1
269,112.9291837,28.2329689,359.513,0.830,-1,1
270,112.9291837,28.2329696,359.509,0.830,-1,1
271,112.9291837,28.2329704,359.501,0.827,-1,1
272,112.9291838,28.2329711,359.501,0.830,-1,1
273,112.9291834,28.2329716,359.424,0.810,-1,1
274,112.9291837,28.2329725,359.391,0.813,-1,1
275,112.9291837,28.2329732,359.419,0.823,-1,1
276,112.9291837,28.2329739,359.407,0.822,-1,1
277,112.9291837,28.2329747,359.388,0.820,-1,1
278,112.9291837,28.2329754,359.356,0.827,-1,1
279,112.9291837,28.2329761,359.406,0.825,-1,1
280,112.9291836,28.2329768,359.408,0.828,-1,1
281,112.9291836,28.2329776,359.404,0.835,-1,1
282,112.9291836,28.2329783,359.435,0.834,-1,1
283,112.9291833,28.2329788,359.456,0.772,-1,1
284,112.9291835,28.2329797,359.477,0.769,-1,1
285,112.9291834,28.2329804,359.489,0.768,-1,1
286,112.9291834,28.2329811,359.496,0.778,-1,1
287,112.9291834,28.2329818,359.516,0.786,-1,1
288,112.9291834,28.2329826,359.512,0.798,-1,1
289,112.9291833,28.2329833,359.512,0.811,-1,1
290,112.9291834,28.2329841,359.532,0.816,-1,1
291,112.9291834,28.2329848,359.553,0.822,-1,1
292,112.9291833,28.2329856,359.616,0.826,-1,1
293,112.9291834,28.2329865,359.544,0.823,-1,1
294,112.9291834,28.2329871,359.543,0.816,-1,1
295,112.9291833,28.2329878,359.553,0.817,-1,1
296,112.9291834,28.2329886,359.563,0.823,-1,1
297,112.9291833,28.2329894,359.547,0.824,-1,1
298,112.9291833,28.2329901,359.567,0.829,-1,1
299,112.9291832,28.2329909,359.564,0.824,-2,1
300,112.9291832,28.2329916,359.542,0.825,-2,1
301,112.9291832,28.2329924,359.526,0.828,-4,1
302,112.9291832,28.2329931,359.529,0.831,-4,1
303,112.9291834,28.2329939,359.513,0.825,-5,1
304,112.9291833,28.2329946,359.493,0.819,-5,1
305,112.9291833,28.2329953,359.529,0.817,-5,1
306,112.9291832,28.2329961,359.529,0.820,-5,1
307,112.9291833,28.2329969,359.513,0.822,-6,1
308,112.9291832,28.2329976,359.524,0.831,-6,1
309,112.9291833,28.2329984,359.539,0.836,-7,1
310,112.9291832,28.2329991,359.566,0.830,-7,1
311,112.9291833,28.2329999,359.577,0.829,-7,1
312,112.9291833,28.2330006,359.564,0.828,-7,1
313,112.9291828,28.2330014,359.547,0.844,-7,1
314,112.9291831,28.2330021,359.505,0.842,-7,1
315,112.9291831,28.2330029,359.489,0.836,-7,1
316,112.9291830,28.2330036,359.472,0.832,-7,1
317,112.9291830,28.2330044,359.461,0.829,-7,1
318,112.9291831,28.2330050,359.432,0.835,-7,1
319,112.9291831,28.2330058,359.418,0.835,-7,1
320,112.9291831,28.2330065,359.402,0.836,-7,1
321,112.9291831,28.2330073,359.401,0.842,-6,1
322,112.9291831,28.2330080,359.390,0.843,-6,1
323,112.9291828,28.2330086,359.382,0.858,-6,1
324,112.9291829,28.2330095,359.351,0.861,-6,1
325,112.9291829,28.2330103,359.343,0.863,-6,1
326,112.9291829,28.2330111,359.327,0.867,-6,1
327,112.9291829,28.2330119,359.364,0.870,-6,1
328,112.9291828,28.2330127,359.350,0.873,-6,1
329,112.9291828,28.2330134,359.330,0.872,-6,1
330,112.9291829,28.2330139,359.331,0.875,-6,1
331,112.9291829,28.2330147,359.306,0.874,-6,1
332,112.9291828,28.2330155,359.267,0.876,-6,1
333,112.9291830,28.2330159,359.239,0.807,-6,1
334,112.9291829,28.2330169,359.239,0.802,-6,1
335,112.9291828,28.2330176,359.258,0.798,-6,1
336,112.9291827,28.2330184,359.229,0.798,-6,1
337,112.9291827,28.2330191,359.244,0.798,-6,1
338,112.9291828,28.2330198,359.247,0.799,-6,1
339,112.9291828,28.2330205,359.223,0.801,-6,1
340,112.9291828,28.2330213,359.188,0.803,-6,1
341,112.9291828,28.2330220,359.188,0.807,-6,1
342,112.9291827,28.2330228,359.213,0.815,-6,1
343,112.9291829,28.2330237,359.242,0.822,-6,1
344,112.9291828,28.2330243,359.214,0.814,-6,1
345,112.9291828,28.2330251,359.236,0.810,-6,1
346,112.9291829,28.2330259,359.212,0.808,-6,1
347,112.9291829,28.2330266,359.230,0.816,-6,1
348,112.9291828,28.2330274,359.229,0.816,-6,1
349,112.9291829,28.2330281,359.212,0.809,-6,1
350,112.9291829,28.2330289,359.196,0.808,-6,1
351,112.9291829,28.2330296,359.187,0.804,-6,1
352,112.9291829,28.2330303,359.182,0.799,-5,1
353,112.9291829,28.2330313,359.280,0.825,-4,1
354,112.9291828,28.2330319,359.268,0.819,-4,1
355,112.9291827,28.2330326,359.257,0.810,-4,1
356,112.9291827,28.2330333,359.254,0.810,-4,1
357,112.9291826,28.2330340,359.260,0.812,-4,1
358,112.9291827,28.2330349,359.242,0.812,-4,1
359,112.9291827,28.2330356,359.226,0.810,-4,1
360,112.9291826,28.2330363,359.236,0.810,-4,1
361,112.9291826,28.2330370,359.236,0.812,-4,1
362,112.9291826,28.2330378,359.241,0.812,-4,1
363,112.9291825,28.2330386,359.243,0.821,-4,1
364,112.9291826,28.2330393,359.245,0.826,-4,1
365,112.9291825,28.2330401,359.225,0.828,-4,1
366,112.9291826,28.2330409,359.235,0.831,-4,1
367,112.9291826,28.2330416,359.246,0.829,-4,1
368,112.9291825,28.2330423,359.234,0.824,-4,1
369,112.9291825,28.2330431,359.223,0.816,-4,1
370,112.9291825,28.2330438,359.219,0.815,-4,1
371,112.9291824,28.2330446,359.199,0.804,-4,1
372,112.9291824,28.2330453,359.186,0.807,-4,1
373,112.9291826,28.2330462,359.189,0.842,-4,1
374,112.9291824,28.2330469,359.168,0.842,-4,1
375,112.9291824,28.2330476,359.169,0.838,-4,1
376,112.9291824,28.2330484,359.169,0.839,-4,1
377,112.9291824,28.2330491,359.158,0.837,-4,1
378,112.9291824,28.2330498,359.165,0.837,-4,1
379,112.9291824,28.2330506,359.202,0.837,-4,1
380,112.9291824,28.2330513,359.251,0.834,-4,1
381,112.9291824,28.2330521,359.207,0.829,-3,1
382,112.9291824,28.2330528,359.235,0.829,-2,1
383,112.9291823,28.2330535,359.198,0.831,-2,1
384,112.9291824,28.2330543,359.227,0.831,-2,1
385,112.9291824,28.2330551,359.249,0.828,-2,1
386,112.9291824,28.2330559,359.215,0.831,-2,1
387,112.9291823,28.2330566,359.211,0.833,-2,1
388,112.9291823,28.2330573,359.225,0.821,-2,1
389,112.9291823,28.2330581,359.216,0.817,-2,1
390,112.9291824,28.2330589,359.216,0.808,-2,1
391,112.9291824,28.2330596,359.235,0.805,-4,1
392,112.9291823,28.2330603,359.214,0.799,-5,1
393,112.9291826,28.2330611,359.319,0.821,-6,1
394,112.9291825,28.2330619,359.276,0.817,-6,1
395,112.9291825,28.2330626,359.291,0.818,-6,1
396,112.9291826,28.2330633,359.302,0.824,-6,1
397,112.9291826,28.2330641,359.309,0.821,-6,1
398,112.9291825,28.2330649,359.294,0.820,-6,1
399,112.9291825,28.2330656,359.312,0.811,-6,1
400,112.9291825,28.2330664,359.316,0.807,-7,1
401,112.9291825,28.2330671,359.339,0.810,-8,1
402,112.9291825,28.2330678,359.345,0.805,-10,1
403,112.9291825,28.2330687,359.356,0.798,-10,1
404,112.9291823,28.2330694,359.347,0.802,-10,1
405,112.9291823,28.2330702,359.333,0.799,-10,1
406,112.9291823,28.2330710,359.350,0.794,-10,1
407,112.9291823,28.2330717,359.363,0.785,-9,1
408,112.9291824,28.2330725,359.349,0.777,-9,1
409,112.9291824,28.2330732,359.358,0.769,-9,1
410,112.9291823,28.2330740,359.342,0.758,-9,1
411,112.9291823,28.2330747,359.326,0.750,-9,1
412,112.9291823,28.2330753,359.324,0.745,-9,1
413,112.9291822,28.2330766,359.313,0.798,-8,1
414,112.9291822,28.2330770,359.284,0.812,-7,1
415,112.9291822,28.2330778,359.305,0.812,-7,1
416,112.9291823,28.2330786,359.306,0.813,-6,1
417,112.9291822,28.2330793,359.306,0.816,-6,1
418,112.9291823,28.2330801,359.321,0.820,-6,1
419,112.9291822,28.2330808,359.362,0.805,-6,1
420,112.9291822,28.2330816,359.349,0.797,-5,1
421,112.9291821,28.2330824,359.329,0.793,-4,1
422,112.9291821,28.2330831,359.358,0.792,-4,1
423,112.9291825,28.2330843,359.331,0.847,-4,1
424,112.9291821,28.2330848,359.365,0.839,-4,1
425,112.9291821,28.2330855,359.336,0.840,-4,1
426,112.9291821,28.2330863,359.288,0.836,-3,1
427,112.9291821,28.2330871,359.272,0.836,-3,1
428,112.9291822,28.2330878,359.260,0.838,-3,1
429,112.9291822,28.2330886,359.295,0.833,-3,1
430,112.9291822,28.2330894,359.278,0.831,-3,1
431,112.9291822,28.2330902,359.282,0.832,-3,1
432,112.9291822,28.2330909,359.302,0.837,-3,1
433,112.9291825,28.2330919,359.319,0.871,-3,1
434,112.9291821,28.2330926,359.349,0.871,-2,1
435,112.9291821,28.2330934,359.314,0.864,-2,1
436,112.9291821,28.2330942,359.317,0.861,-2,1
437,112.9291821,28.2330949,359.309,0.861,-2,1
438,112.9291821,28.2330957,359.338,0.851,-2,1
439,112.9291821,28.2330965,359.315,0.851,-2,1
440,112.9291820,28.2330973,359.318,0.848,-2,1
441,112.9291820,28.2330981,359.332,0.846,-2,1
442,112.9291820,28.2330988,359.340,0.840,-2,1
443,112.9291817,28.2330998,359.336,0.832,-2,1
444,112.9291819,28.2331004,359.351,0.827,-2,1
445,112.9291818,28.2331012,359.384,0.828,-2,1
446,112.9291819,28.2331020,359.376,0.833,-2,1
447,112.9291818,28.2331027,359.388,0.823,-2,1
448,112.9291818,28.2331036,359.410,0.823,-2,1
449,112.9291817,28.2331043,359.424,0.819,-2,1
450,112.9291818,28.2331051,359.447,0.814,-2,1
451,112.9291817,28.2331058,359.462,0.820,-2,1
452,112.9291816,28.2331065,359.462,0.835,-2,1
453,112.9291820,28.2331077,359.474,0.880,-2,1
454,112.9291816,28.2331084,359.486,0.881,-2,1
455,112.9291816,28.2331092,359.513,0.877,-2,1
456,112.9291816,28.2331100,359.527,0.882,-2,1
457,112.9291816,28.2331108,359.517,0.874,-2,1
458,112.9291816,28.2331116,359.558,0.866,-2,1
459,112.9291816,28.2331124,359.578,0.856,-2,1
460,112.9291816,28.2331132,359.590,0.847,-2,1
461,112.9291815,28.2331140,359.620,0.850,-2,1
462,112.9291814,28.2331147,359.631,0.836,-2,1
463,112.9291818,28.2331158,359.653,0.862,-2,1
464,112.9291815,28.2331164,359.675,0.856,-2,1
465,112.9291815,28.2331172,359.711,0.849,-2,1
466,112.9291815,28.2331180,359.697,0.844,-2,1
467,112.9291814,28.2331188,359.729,0.836,-2,1
468,112.9291814,28.2331196,359.729,0.828,-2,1
469,112.9291814,28.2331203,359.768,0.830,-2,1
470,112.9291813,28.2331212,359.767,0.834,-2,1
471,112.9291812,28.2331219,359.777,0.832,-2,1
472,112.9291812,28.2331227,359.773,0.832,-2,1
473,112.9291815,28.2331239,359.751,0.885,-2,1
474,112.9291813,28.2331244,359.778,0.888,-2,1
475,112.9291812,28.2331252,359.768,0.894,-2,1
476,112.9291814,28.2331260,359.786,0.889,-2,1
477,112.9291814,28.2331268,359.797,0.886,-2,1
478,112.9291814,28.2331276,359.834,0.886,-2,1
479,112.9291813,28.2331284,359.834,0.889,-2,1
480,112.9291813,28.2331292,359.805,0.888,-2,1
481,112.9291812,28.2331300,359.793,0.885,-2,1
482,112.9291812,28.2331308,359.802,0.878,-2,1
483,112.9291818,28.2331316,359.794,0.844,-2,1
484,112.9291814,28.2331324,359.797,0.843,-2,1
485,112.9291813,28.2331331,359.816,0.838,-2,1
486,112.9291812,28.2331340,359.839,0.833,-2,1
487,112.9291812,28.2331348,359.837,0.824,-2,1
488,112.9291813,28.2331356,359.831,0.831,-2,1
489,112.9291812,28.2331364,359.862,0.829,-2,1
490,112.9291812,28.2331372,359.877,0.827,-3,1
491,112.9291811,28.2331380,359.877,0.832,-5,1
492,112.9291811,28.2331387,359.863,0.829,-8,1
493,112.9291814,28.2331400,359.865,0.876,-11,1
494,112.9291812,28.2331406,359.864,0.886,-13,1
495,112.9291812,28.2331414,359.879,0.893,-15,1
496,112.9291812,28.2331423,359.861,0.900,-17,1
497,112.9291812,28.2331431,359.826,0.896,-17,1
498,112.9291812,28.2331440,359.801,0.893,-17,1
499,112.9291812,28.2331448,359.784,0.893,-17,1
500,112.9291812,28.2331456,359.762,0.900,-17,1
501,112.9291812,28.2331464,359.752,0.888,-17,1
502,112.9291812,28.2331472,359.749,0.880,-17,1
503,112.9291815,28.2331485,359.710,0.908,-17,1
504,112.9291812,28.2331490,359.668,0.912,-17,1
505,112.9291812,28.2331498,359.667,0.911,-17,1
506,112.9291811,28.2331507,359.648,0.914,-17,1
507,112.9291811,28.2331515,359.644,0.919,-17,1
508,112.9291812,28.2331524,359.637,0.913,-17,1
509,112.9291812,28.2331532,359.588,0.903,-17,1
510,112.9291810,28.2331540,359.554,0.897,-17,1
511,112.9291810,28.2331548,359.523,0.904,-18,1
512,112.9291810,28.2331556,359.503,0.899,-18,1
513,112.9291807,28.2331565,359.445,0.878,-18,1
514,112.9291812,28.2331571,359.389,0.874,-18,1
515,112.9291811,28.2331579,359.354,0.873,-18,1
516,112.9291811,28.2331587,359.309,0.877,-17,1
517,112.9291811,28.2331595,359.287,0.885,-17,1
518,112.9291810,28.2331603,359.267,0.889,-16,1
519,112.9291810,28.2331611,359.260,0.900,-15,1
520,112.9291809,28.2331620,359.258,0.906,-14,1
521,112.9291809,28.2331628,359.216,0.912,-12,1
522,112.9291809,28.2331636,359.209,0.915,-11,1
523,112.9291806,28.2331645,359.186,0.916,-9,1
524,112.9291808,28.2331653,359.187,0.912,-9,1
525,112.9291808,28.2331661,359.137,0.912,-9,1
526,112.9291806,28.2331669,359.121,0.914,-9,1
527,112.9291806,28.2331678,359.124,0.918,-7,1
528,112.9291805,28.2331686,359.101,0.926,-5,1
529,112.9291805,28.2331695,359.097,0.931,-4,1
530,112.9291806,28.2331703,359.105,0.937,-4,1
531,112.9291806,28.2331711,359.067,0.961,-4,1
532,112.9291806,28.2331720,359.034,0.974,-4,1
533,112.9291807,28.2331728,358.976,0.967,-4,1
534,112.9291807,28.2331737,358.980,0.974,-4,1
535,112.9291807,28.2331746,358.981,0.987,-4,1
536,112.9291803,28.2331755,358.985,0.994,-4,1
537,112.9291803,28.2331764,359.003,0.984,-4,1
538,112.9291802,28.2331774,358.990,0.982,-4,1
539,112.9291803,28.2331783,358.975,0.987,-4,1
540,112.9291803,28.2331791,358.976,0.992,-4,1
541,112.9291803,28.2331800,358.978,0.999,-4,1
542,112.9291804,28.2331809,358.976,1.000,-4,1
543,112.9291800,28.2331818,358.922,1.003,-4,1
544,112.9291803,28.2331826,358.955,0.987,-4,1
545,112.9291803,28.2331835,358.993,0.972,-4,1
546,112.9291802,28.2331843,358.995,0.965,-4,1
547,112.9291801,28.2331852,359.024,0.963,-4,1
548,112.9291800,28.2331860,359.065,0.958,-4,1
549,112.9291800,28.2331869,359.093,0.951,-4,1
550,112.9291800,28.2331878,359.121,0.945,-4,1
551,112.9291800,28.2331886,359.132,0.950,-4,1
552,112.9291800,28.2331895,359.126,0.953,-4,1
553,112.9291799,28.2331903,359.140,0.985,-4,1
554,112.9291801,28.2331912,359.146,0.999,-4,1
555,112.9291801,28.2331921,359.181,0.997,-4,1
556,112.9291800,28.2331930,359.149,1.005,-4,1
557,112.9291800,28.2331939,359.187,1.010,-4,1
558,112.9291800,28.2331947,359.168,1.015,-4,1
559,112.9291800,28.2331956,359.191,1.012,-4,1
560,112.9291800,28.2331964,359.202,1.024,-4,1
561,112.9291800,28.2331973,359.206,1.035,-4,1
562,112.9291800,28.2331982,359.239,1.041,-4,1
563,112.9291801,28.2331988,359.236,1.029,-4,1
564,112.9291797,28.2332001,359.278,1.044,-4,1
565,112.9291797,28.2332011,359.274,1.064,-4,1
566,112.9291797,28.2332019,359.288,1.075,-4,1
567,112.9291797,28.2332028,359.305,1.084,-4,1
568,112.9291797,28.2332038,359.342,1.102,-4,1
569,112.9291797,28.2332048,359.354,1.108,-4,1
570,112.9291797,28.2332057,359.357,1.109,-4,1
571,112.9291797,28.2332067,359.324,1.104,-4,1
572,112.9291797,28.2332077,359.318,1.111,-4,1
573,112.9291795,28.2332084,359.348,1.076,-4,1
574,112.9291795,28.2332094,359.355,1.074,-4,1
575,112.9291796,28.2332104,359.351,1.073,-4,1
576,112.9291795,28.2332113,359.343,1.078,-5,1
577,112.9291795,28.2332123,359.362,1.085,-5,1
578,112.9291793,28.2332132,359.361,1.088,-5,1
579,112.9291794,28.2332142,359.383,1.095,-5,1
580,112.9291793,28.2332151,359.365,1.104,-5,1
581,112.9291794,28.2332161,359.355,1.115,-6,1
582,112.9291794,28.2332171,359.349,1.123,-7,1
583,112.9291789,28.2332176,359.384,1.083,-7,1
584,112.9291793,28.2332189,359.377,1.086,-7,1
585,112.9291793,28.2332198,359.381,1.086,-7,1
586,112.9291792,28.2332208,359.364,1.089,-7,1
587,112.9291792,28.2332218,359.326,1.091,-7,1
588,112.9291792,28.2332228,359.317,1.065,-7,1
589,112.9291792,28.2332237,359.289,1.059,-7,1
590,112.9291790,28.2332246,359.274,1.046,-7,1
591,112.9291790,28.2332255,359.287,1.042,-7,1
592,112.9291790,28.2332264,359.278,1.042,-7,1
593,112.9291786,28.2332270,359.229,0.975,-7,1
594,112.9291786,28.2332280,359.218,0.969,-6,1
595,112.9291785,28.2332289,359.229,0.964,-3,1
596,112.9291785,28.2332297,359.233,0.971,1,1
597,112.9291785,28.2332306,359.257,0.991,2,1
598,112.9291783,28.2332314,359.284,1.008,2,1
599,112.9291783,28.2332323,359.334,1.038,2,1
600,112.9291783,28.2332333,359.376,1.065,2,1
601,112.9291783,28.2332343,359.436,1.078,2,1
602,112.9291783,28.2332353,359.443,1.092,2,1
603,112.9291779,28.2332361,359.434,1.111,2,1
604,112.9291784,28.2332372,359.462,1.119,3,1
605,112.9291784,28.2332382,359.509,1.134,2,1
606,112.9291785,28.2332392,359.564,1.152,2,1
607,112.9291785,28.2332402,359.598,1.149,2,1
608,112.9291786,28.2332412,359.647,1.149,2,1
609,112.9291786,28.2332423,359.694,1.155,2,1
610,112.9291785,28.2332432,359.715,1.159,2,1
611,112.9291786,28.2332442,359.761,1.163,2,1
612,112.9291787,28.2332453,359.798,1.175,2,1
613,112.9291784,28.2332459,359.840,1.138,2,1
614,112.9291785,28.2332471,359.883,1.140,2,1
615,112.9291785,28.2332481,359.877,1.135,2,1
616,112.9291783,28.2332491,359.905,1.126,2,1
617,112.9291783,28.2332501,359.942,1.119,2,1
618,112.9291782,28.2332510,359.978,1.117,2,1
619,112.9291782,28.2332520,0.015,1.108,2,1
620,112.9291781,28.2332529,0.014,1.085,2,1
621,112.9291781,28.2332538,0.028,1.068,2,1
622,112.9291782,28.2332548,0.043,1.060,3,1
623,112.9291775,28.2332551,0.142,0.987,3,1
624,112.9291779,28.2332563,0.154,0.984,3,1
625,112.9291779,28.2332572,0.171,0.982,3,1
626,112.9291776,28.2332581,0.192,0.975,3,1
627,112.9291776,28.2332590,0.164,0.985,3,1
628,112.9291773,28.2332599,0.139,0.995,3,1
629,112.9291774,28.2332608,0.148,1.004,3,1
630,112.9291773,28.2332617,0.156,1.021,3,1
631,112.9291773,28.2332626,0.157,1.054,3,1
632,112.9291773,28.2332636,0.128,1.087,3,1
633,112.9291766,28.2332643,0.104,1.044,3,1
634,112.9291773,28.2332654,0.078,1.068,3,1
635,112.9291773,28.2332664,0.044,1.096,3,1
636,112.9291775,28.2332674,0.004,1.130,3,1
637,112.9291775,28.2332685,359.991,1.151,3,1
638,112.9291778,28.2332695,359.938,1.161,3,1
639,112.9291778,28.2332706,359.961,1.152,3,1
640,112.9291780,28.2332717,359.949,1.149,3,1
641,112.9291781,28.2332727,359.934,1.142,3,1
642,112.9291781,28.2332738,359.973,1.133,3,1
643,112.9291786,28.2332750,359.932,1.147,3,1
644,112.9291784,28.2332759,359.942,1.125,3,1
645,112.9291785,28.2332769,359.960,1.108,3,1
646,112.9291784,28.2332780,359.987,1.092,3,1
647,112.9291785,28.2332789,359.999,1.086,3,1
648,112.9291784,28.2332799,0.004,1.072,2,1
649,112.9291785,28.2332809,0.038,1.064,2,1
650,112.9291785,28.2332819,0.053,1.058,2,1
651,112.9291786,28.2332828,0.063,1.060,2,1
652,112.9291786,28.2332838,0.062,1.057,2,1
653,112.9291782,28.2332851,0.052,1.084,2,1
654,112.9291784,28.2332859,0.035,1.084,2,1
655,112.9291784,28.2332868,0.061,1.089,2,1
656,112.9291784,28.2332878,0.063,1.091,2,1
657,112.9291785,28.2332888,0.099,1.090,2,1
658,112.9291784,28.2332899,0.141,1.093,2,1
659,112.9291784,28.2332909,0.135,1.096,2,1
660,112.9291784,28.2332919,0.102,1.096,2,1
661,112.9291784,28.2332929,0.126,1.101,2,1
662,112.9291785,28.2332939,0.140,1.097,2,1
663,112.9291781,28.2332950,0.147,1.061,2,1
664,112.9291784,28.2332959,0.149,1.058,2,1
665,112.9291784,28.2332968,0.180,1.043,2,1
666,112.9291783,28.2332978,0.156,1.039,2,1
667,112.9291783,28.2332988,0.139,1.034,2,1
668,112.9291782,28.2332998,0.131,1.025,2,1
669,112.9291783,28.2333007,0.171,1.017,2,1
670,112.9291783,28.2333017,0.184,1.008,2,1
671,112.9291783,28.2333026,0.216,1.004,2,1
672,112.9291784,28.2333035,0.233,1.010,2,1
673,112.9291781,28.2333048,0.200,1.077,2,1
674,112.9291782,28.2333056,0.225,1.080,2,1
675,112.9291783,28.2333065,0.210,1.087,2,1
676,112.9291783,28.2333075,0.192,1.092,2,1
677,112.9291783,28.2333085,0.210,1.098,1,1
678,112.9291783,28.2333095,0.238,1.099,1,1
679,112.9291784,28.2333105,0.270,1.098,1,1
680,112.9291783,28.2333116,0.299,1.094,0,1
681,112.9291784,28.2333126,0.312,1.097,-1,1
682,112.9291785,28.2333135,0.344,1.086,-1,1
683,112.9291781,28.2333147,0.338,1.133,-1,1
684,112.9291783,28.2333156,0.342,1.128,-2,1
685,112.9291783,28.2333167,0.391,1.128,-2,1
686,112.9291782,28.2333176,0.379,1.131,-3,1
687,112.9291783,28.2333186,0.379,1.126,-3,1
688,112.9291783,28.2333196,0.408,1.136,-3,1
689,112.9291783,28.2333206,0.413,1.138,-3,1
690,112.9291782,28.2333216,0.381,1.135,-3,1
691,112.9291782,28.2333227,0.415,1.132,-3,1
692,112.9291782,28.2333237,0.424,1.124,-3,1
693,112.9291776,28.2333245,0.432,1.115,-3,1
694,112.9291780,28.2333256,0.428,1.100,-3,1
695,112.9291780,28.2333266,0.469,1.076,-4,1
696,112.9291780,28.2333276,0.462,1.062,-5,1
697,112.9291780,28.2333286,0.467,1.058,-5,1
698,112.9291778,28.2333294,0.482,1.054,-5,1
699,112.9291778,28.2333304,0.495,1.048,-5,1
700,112.9291779,28.2333313,0.516,1.049,-5,1
701,112.9291779,28.2333323,0.507,1.049,-5,1
702,112.9291779,28.2333332,0.523,1.058,-6,1
703,112.9291776,28.2333341,0.512,1.060,-7,1
704,112.9291778,28.2333352,0.487,1.067,-7,1
705,112.9291777,28.2333361,0.488,1.071,-7,1
706,112.9291777,28.2333370,0.508,1.075,-8,1
707,112.9291777,28.2333380,0.515,1.073,-10,1
708,112.9291777,28.2333390,0.507,1.070,-11,1
709,112.9291777,28.2333400,0.475,1.049,-13,1
710,112.9291777,28.2333410,0.441,1.047,-14,1
711,112.9291777,28.2333419,0.443,1.047,-14,1
712,112.9291777,28.2333429,0.459,1.041,-14,1
713,112.9291777,28.2333440,0.456,1.059,-14,1
714,112.9291777,28.2333449,0.491,1.038,-14,1
715,112.9291777,28.2333458,0.475,1.036,-14,1
716,112.9291776,28.2333468,0.478,1.024,-15,1
717,112.9291777,28.2333477,0.464,1.032,-16,1
718,112.9291779,28.2333476,0.445,1.036,-18,1
719,112.9291779,28.2333486,0.415,1.047,-19,1
720,112.9291778,28.2333496,0.410,1.057,-19,1
721,112.9291778,28.2333505,0.368,1.061,-20,1
722,112.9291779,28.2333515,0.322,1.061,-21,1
723,112.9291774,28.2333515,0.310,1.065,-21,1
724,112.9291777,28.2333534,0.276,1.072,-21,1
725,112.9291777,28.2333544,0.227,1.077,-21,1
726,112.9291777,28.2333554,0.192,1.083,-21,1
727,112.9291778,28.2333564,0.141,1.089,-21,1
728,112.9291777,28.2333574,0.128,1.092,-21,1
729,112.9291777,28.2333584,0.112,1.095,-21,1
730,112.9291776,28.2333594,0.091,1.101,-21,1
731,112.9291776,28.2333604,0.052,1.100,-21,1
732,112.9291776,28.2333614,0.034,1.100,-21,1
733,112.9291770,28.2333625,0.005,1.106,-21,1
734,112.9291774,28.2333634,359.964,1.110,-21,1
735,112.9291774,28.2333644,359.946,1.106,-21,1
736,112.9291772,28.2333654,359.880,1.108,-21,1
737,112.9291772,28.2333664,359.863,1.106,-21,1
738,112.9291771,28.2333674,359.810,1.101,-22,1
739,112.9291772,28.2333684,359.756,1.082,-22,1
740,112.9291771,28.2333693,359.709,1.072,-23,1
741,112.9291771,28.2333703,359.697,1.072,-23,1
742,112.9291771,28.2333713,359.631,1.072,-24,1
743,112.9291766,28.2333722,359.588,1.062,-24,1
744,112.9291769,28.2333732,359.601,1.061,-24,1
745,112.9291769,28.2333741,359.571,1.039,-24,1
746,112.9291768,28.2333752,359.557,1.027,-24,1
747,112.9291768,28.2333761,359.502,1.029,-24,1
748,112.9291769,28.2333771,359.483,1.042,-24,1
749,112.9291769,28.2333780,359.449,1.056,-24,1
750,112.9291770,28.2333789,359.398,1.077,-24,1
751,112.9291770,28.2333799,359.323,1.093,-24,1
752,112.9291770,28.2333809,359.277,1.110,-24,1
753,112.9291769,28.2333820,359.208,1.082,-24,1
754,112.9291771,28.2333829,359.153,1.095,-25,1
755,112.9291771,28.2333839,359.081,1.104,-26,1
756,112.9291770,28.2333848,358.986,1.117,-28,1
757,112.9291770,28.2333858,358.931,1.116,-31,1
758,112.9291769,28.2333869,358.860,1.122,-36,1
759,112.9291769,28.2333879,358.770,1.124,-42,1
760,112.9291768,28.2333888,358.661,1.125,-47,1
761,112.9291768,28.2333899,358.540,1.120,-51,1
762,112.9291768,28.2333909,358.412,1.113,-52,1
763,112.9291763,28.2333918,358.335,1.064,-52,1
764,112.9291766,28.2333928,358.215,1.061,-53,1
765,112.9291765,28.2333938,358.074,1.049,-56,1
766,112.9291766,28.2333948,357.942,1.041,-62,1
767,112.9291765,28.2333957,357.788,1.038,-67,1
768,112.9291764,28.2333967,357.603,1.026,-72,1
769,112.9291764,28.2333976,357.403,1.017,-77,1
770,112.9291763,28.2333986,357.240,1.012,-83,1
771,112.9291762,28.2333995,357.044,1.009,-91,1
772,112.9291762,28.2334004,356.833,0.997,-99,1
773,112.9291760,28.2334015,356.492,0.980,-106,1
774,112.9291760,28.2334023,356.277,0.973,-108,1
775,112.9291759,28.2334031,356.054,0.970,-108,1
776,112.9291759,28.2334040,355.877,0.976,-108,1
777,112.9291758,28.2334049,355.631,0.981,-108,1
778,112.9291757,28.2334059,355.404,0.987,-108,1
779,112.9291756,28.2334068,355.162,0.993,-108,1
780,112.9291754,28.2334077,354.932,0.997,-108,1
781,112.9291753,28.2334086,354.713,0.996,-108,1
782,112.9291752,28.2334095,354.495,1.008,-108,1
783,112.9291748,28.2334106,354.232,1.020,-108,1
784,112.9291749,28.2334114,353.996,1.016,-108,1
785,112.9291747,28.2334123,353.751,1.015,-109,1
786,112.9291746,28.2334132,353.517,1.018,-109,1
787,112.9291744,28.2334141,353.298,1.024,-109,1
788,112.9291743,28.2334151,353.104,1.015,-109,1
789,112.9291741,28.2334160,352.883,1.015,-109,1
790,112.9291740,28.2334169,352.667,1.028,-109,1
791,112.9291738,28.2334178,352.406,1.044,-109,1
792,112.9291737,28.2334188,352.196,1.037,-109,1
793,112.9291735,28.2334198,351.955,1.090,-109,1
794,112.9291734,28.2334207,351.697,1.098,-109,1
795,112.9291733,28.2334217,351.477,1.094,-109,1
796,112.9291731,28.2334225,351.226,1.104,-109,1
797,112.9291729,28.2334235,350.971,1.108,-109,1
798,112.9291727,28.2334245,350.714,1.108,-109,1
799,112.9291726,28.2334255,350.482,1.113,-109,1
800,112.9291723,28.2334263,350.262,1.107,-110,1
801,112.9291722,28.2334273,350.035,1.095,-112,1
802,112.9291721,28.2334283,349.787,1.098,-112,1
803,112.9291713,28.2334287,349.507,1.032,-114,1
804,112.9291715,28.2334299,349.226,1.040,-118,1
805,112.9291712,28.2334308,348.956,1.043,-124,1
806,112.9291710,28.2334317,348.659,1.042,-131,1
807,112.9291707,28.2334326,348.350,1.046,-137,1
808,112.9291706,28.2334335,348.025,1.052,-142,1
809,112.9291703,28.2334345,347.729,1.055,-146,1
810,112.9291701,28.2334354,347.404,1.067,-148,1
811,112.9291698,28.2334363,347.078,1.068,-148,1
812,112.9291696,28.2334373,346.744,1.071,-148,1
813,112.9291692,28.2334377,346.413,1.003,-157,1
814,112.9291690,28.2334389,346.054,0.999,-166,1
815,112.9291687,28.2334398,345.665,1.001,-174,1
816,112.9291684,28.2334407,345.298,0.998,-178,1
817,112.9291681,28.2334416,344.901,0.998,-180,1
818,112.9291678,28.2334426,344.507,1.011,-183,1
819,112.9291674,28.2334435,344.127,1.014,-190,1
820,112.9291672,28.2334443,343.708,1.009,-193,1
821,112.9291668,28.2334452,343.306,1.019,-194,1
822,112.9291664,28.2334462,342.867,1.023,-193,1
823,112.9291664,28.2334469,342.304,1.001,-194,1
824,112.9291659,28.2334479,341.895,0.998,-194,1
825,112.9291655,28.2334488,341.481,1.000,-193,1
826,112.9291652,28.2334496,341.068,1.003,-191,1
827,112.9291648,28.2334505,340.683,0.999,-185,1
828,112.9291644,28.2334514,340.297,1.013,-174,1
829,112.9291640,28.2334523,339.924,1.022,-160,1
830,112.9291636,28.2334532,339.598,1.030,-141,1
831,112.9291632,28.2334541,339.333,1.046,-118,1
832,112.9291628,28.2334550,339.101,1.053,-88,1
833,112.9291627,28.2334557,338.920,1.031,-76,1
834,112.9291621,28.2334567,338.750,1.036,-70,1
835,112.9291617,28.2334576,338.589,1.044,-68,1
836,112.9291613,28.2334585,338.460,1.052,-68,1
837,112.9291609,28.2334595,338.338,1.055,-67,1
838,112.9291605,28.2334603,338.186,1.060,-64,1
839,112.9291601,28.2334613,338.065,1.057,-64,1
840,112.9291596,28.2334621,337.908,1.068,-61,1
841,112.9291592,28.2334631,337.795,1.069,-58,1
842,112.9291588,28.2334640,337.690,1.065,-58,1
843,112.9291583,28.2334644,337.587,1.017,-58,1
844,112.9291578,28.2334657,337.426,1.031,-58,1
845,112.9291574,28.2334666,337.296,1.032,-57,1
846,112.9291570,28.2334675,337.167,1.030,-54,1
847,112.9291565,28.2334684,337.065,1.024,-51,1
848,112.9291561,28.2334693,336.965,1.030,-50,1
849,112.9291557,28.2334702,336.873,1.037,-50,1
850,112.9291553,28.2334710,336.738,1.032,-50,1
851,112.9291549,28.2334719,336.660,1.026,-51,1
852,112.9291544,28.2334728,336.527,1.030,-51,1
853,112.9291540,28.2334733,336.419,0.967,-52,1
854,112.9291535,28.2334745,336.303,0.961,-52,1
855,112.9291530,28.2334753,336.203,0.949,-52,1
856,112.9291526,28.2334762,336.067,0.950,-53,1
857,112.9291521,28.2334770,335.955,0.953,-56,1
858,112.9291517,28.2334779,335.852,0.959,-60,1
859,112.9291512,28.2334787,335.687,0.953,-61,1
860,112.9291508,28.2334796,335.549,0.939,-60,1
861,112.9291503,28.2334804,335.424,0.941,-59,1
862,112.9291497,28.2334813,335.319,0.941,-58,1
863,112.9291498,28.2334820,335.218,0.954,-55,1
864,112.9291490,28.2334830,335.075,0.955,-50,1
865,112.9291486,28.2334839,335.010,0.948,-43,1
866,112.9291481,28.2334847,334.913,0.956,-33,1
867,112.9291476,28.2334856,334.881,0.963,-22,1
868,112.9291473,28.2334864,334.855,0.968,-10,1
869,112.9291468,28.2334873,334.870,0.968,2,1
870,112.9291463,28.2334881,334.882,0.978,12,1
871,112.9291458,28.2334890,334.892,0.981,16,1
872,112.9291454,28.2334898,334.947,0.986,19,1
873,112.9291453,28.2334906,335.020,0.983,24,1
874,112.9291445,28.2334915,335.085,0.981,40,1
875,112.9291441,28.2334924,335.192,0.988,53,1
876,112.9291436,28.2334932,335.330,0.993,67,1
877,112.9291432,28.2334941,335.489,0.996,83,1
878,112.9291428,28.2334949,335.732,1.002,99,1
879,112.9291424,28.2334958,335.927,1.005,99,1
880,112.9291419,28.2334967,336.177,1.008,114,1
881,112.9291416,28.2334976,336.487,1.014,128,1
882,112.9291412,28.2334985,336.793,1.016,142,1
883,112.9291403,28.2334989,337.049,0.960,161,1
884,112.9291402,28.2335001,337.471,0.988,180,1
885,112.9291398,28.2335009,337.962,0.997,197,1
886,112.9291394,28.2335018,338.418,1.002,212,1
887,112.9291391,28.2335027,338.911,1.008,227,1
888,112.9291386,28.2335037,339.480,1.022,241,1
889,112.9291383,28.2335046,340.077,1.038,256,1
890,112.9291379,28.2335055,340.773,1.047,278,1
891,112.9291377,28.2335065,341.467,1.057,300,1
892,112.9291375,28.2335074,342.231,1.060,315,1
893,112.9291365,28.2335083,343.021,1.016,325,1
894,112.9291366,28.2335093,343.850,1.014,335,1
895,112.9291364,28.2335102,344.700,1.010,348,1
896,112.9291360,28.2335111,345.555,1.011,359,1
897,112.9291358,28.2335120,346.473,1.006,367,1
898,112.9291355,28.2335130,347.378,1.011,375,1
899,112.9291354,28.2335139,348.314,1.002,390,1
900,112.9291352,28.2335149,349.292,1.004,398,1
901,112.9291351,28.2335158,350.305,1.006,400,1
902,112.9291350,28.2335167,351.307,1.000,400,1
903,112.9291344,28.2335180,352.282,1.040,400,1
904,112.9291347,28.2335188,353.251,1.037,400,1
905,112.9291346,28.2335197,354.241,1.039,402,1
906,112.9291345,28.2335207,355.256,1.042,404,1
907,112.9291344,28.2335217,356.250,1.034,405,1
908,112.9291344,28.2335227,357.241,1.022,405,1
909,112.9291343,28.2335236,358.203,1.014,405,1
910,112.9291344,28.2335246,359.203,1.017,405,1
911,112.9291344,28.2335255,0.175,0.998,405,1
912,112.9291344,28.2335264,1.148,0.994,407,1
913,112.9291345,28.2335278,2.105,1.034,411,1
914,112.9291346,28.2335285,3.117,1.023,412,1
915,112.9291346,28.2335294,4.119,1.015,412,1
916,112.9291349,28.2335303,5.109,1.016,412,1
917,112.9291349,28.2335312,6.091,1.016,412,1
918,112.9291351,28.2335322,7.070,1.011,412,1
919,112.9291352,28.2335331,8.054,1.006,412,1
920,112.9291353,28.2335340,9.033,1.007,412,1
921,112.9291355,28.2335349,10.007,1.001,412,1
922,112.9291356,28.2335358,11.014,0.994,412,1
923,112.9291364,28.2335370,11.990,1.006,411,1
924,112.9291364,28.2335378,12.960,1.004,407,1
925,112.9291366,28.2335387,13.892,0.992,401,1
926,112.9291369,28.2335396,14.826,0.988,397,1
927,112.9291372,28.2335405,15.777,0.987,397,1
928,112.9291376,28.2335414,16.723,0.987,396,1
929,112.9291378,28.2335422,17.631,0.987,392,1
930,112.9291382,28.2335431,18.515,0.988,384,1
931,112.9291385,28.2335440,19.400,0.989,374,1
932,112.9291388,28.2335449,20.265,0.991,363,1
933,112.9291398,28.2335459,21.177,0.996,354,1
934,112.9291399,28.2335467,21.977,0.985,346,1
935,112.9291403,28.2335476,22.793,0.983,337,1
936,112.9291408,28.2335484,23.583,0.981,327,1
937,112.9291411,28.2335493,24.303,0.973,313,1
938,112.9291416,28.2335502,24.973,0.956,298,1
939,112.9291420,28.2335510,25.612,0.947,284,1
940,112.9291426,28.2335518,26.202,0.953,272,1
941,112.9291429,28.2335527,26.804,0.954,262,1
942,112.9291433,28.2335536,27.353,0.940,250,1
943,112.9291446,28.2335542,27.814,0.912,237,1
944,112.9291446,28.2335551,28.329,0.929,224,1
945,112.9291450,28.2335560,28.795,0.938,205,1
946,112.9291457,28.2335568,29.259,0.946,189,1
947,112.9291461,28.2335576,29.654,0.951,167,1
948,112.9291468,28.2335585,29.997,0.968,138,1
949,112.9291472,28.2335594,30.275,0.964,109,1
950,112.9291480,28.2335602,30.484,0.973,79,1
951,112.9291484,28.2335610,30.629,0.979,51,1
952,112.9291487,28.2335619,30.714,0.995,28,1
953,112.9291501,28.2335626,30.691,0.968,6,1
954,112.9291503,28.2335635,30.733,0.971,-13,1
955,112.9291506,28.2335643,30.705,0.977,-34,1
956,112.9291513,28.2335651,30.591,0.984,-58,1
957,112.9291516,28.2335660,30.424,0.994,-79,1
958,112.9291524,28.2335669,30.226,1.002,-94,1
959,112.9291527,28.2335678,30.003,1.006,-94,1
960,112.9291535,28.2335685,29.785,1.001,-104,1
961,112.9291538,28.2335694,29.499,1.000,-114,1
962,112.9291540,28.2335703,29.274,0.998,-121,1
963,112.9291558,28.2335707,29.028,0.931,-126,1
964,112.9291556,28.2335719,28.707,0.923,-136,1
965,112.9291559,28.2335727,28.379,0.924,-162,1
966,112.9291567,28.2335736,28.022,0.923,-178,1
967,112.9291570,28.2335744,27.626,0.927,-192,1
968,112.9291576,28.2335753,27.206,0.921,-207,1
969,112.9291578,28.2335761,26.727,0.932,-225,1
970,112.9291585,28.2335769,26.192,0.950,-242,1
971,112.9291587,28.2335778,25.593,0.953,-260,1
972,112.9291588,28.2335787,24.925,0.961,-282,1
973,112.9291609,28.2335795,24.214,1.001,-303,1
974,112.9291603,28.2335805,23.441,1.013,-322,1
975,112.9291605,28.2335814,22.640,1.025,-343,1
976,112.9291610,28.2335823,21.770,1.032,-365,1
977,112.9291612,28.2335832,20.811,1.036,-387,1
978,112.9291618,28.2335842,19.719,1.041,-404,1
979,112.9291619,28.2335851,18.697,1.043,-415,1
980,112.9291625,28.2335860,17.627,1.037,-423,1
981,112.9291625,28.2335869,16.579,1.035,-428,1
982,112.9291625,28.2335878,15.484,1.026,-432,1
983,112.9291646,28.2335887,14.369,1.037,-435,1
984,112.9291635,28.2335898,13.278,1.019,-442,1
985,112.9291635,28.2335907,12.163,1.002,-448,1
986,112.9291637,28.2335916,11.035,1.003,-449,1
987,112.9291637,28.2335926,9.895,1.006,-449,1
988,112.9291640,28.2335935,8.723,0.999,-449,1
989,112.9291639,28.2335944,7.569,0.992,-450,1
990,112.9291643,28.2335954,6.395,0.985,-451,1
991,112.9291642,28.2335963,5.222,0.967,-454,1
992,112.9291640,28.2335972,4.073,0.950,-455,1
993,112.9291662,28.2335985,2.947,1.009,-456,1
994,112.9291646,28.2335992,1.755,0.994,-461,1
995,112.9291645,28.2336001,0.577,0.981,-466,1
996,112.9291647,28.2336011,359.382,0.976,-472,1
997,112.9291645,28.2336020,358.175,0.967,-472,1
998,112.9291645,28.2336030,356.922,0.960,-477,1
999,112.9291643,28.2336039,355.663,0.954,-482,1
1000,112.9291643,28.2336049,354.361,0.943,-487,1
1001,112.9291640,28.2336057,353.037,0.923,-493,1
1002,112.9291637,28.2336065,351.761,0.909,-497,1
1003,112.9291658,28.2336081,350.486,0.968,-498,1
1004,112.9291635,28.2336086,349.129,0.964,-498,1
1005,112.9291633,28.2336094,347.844,0.947,-498,1
1006,112.9291630,28.2336104,346.530,0.936,-502,1
1007,112.9291627,28.2336113,345.179,0.912,-509,1
1008,112.9291624,28.2336122,343.812,0.893,-513,1
1009,112.9291620,28.2336130,342.443,0.872,-512,1
1010,112.9291617,28.2336140,341.107,0.862,-510,1
1011,112.9291612,28.2336148,339.736,0.851,-509,1
1012,112.9291608,28.2336155,338.406,0.830,-504,1
1013,112.9291613,28.2336171,337.218,0.877,-492,1
1014,112.9291600,28.2336176,335.974,0.865,-475,1
1015,112.9291595,28.2336183,334.801,0.858,-454,1
1016,112.9291590,28.2336192,333.711,0.853,-429,1
1017,112.9291586,28.2336200,332.681,0.844,-408,1
1018,112.9291580,28.2336209,331.737,0.841,-387,1
1019,112.9291575,28.2336217,330.870,0.846,-364,1
1020,112.9291569,28.2336225,330.055,0.859,-339,1
1021,112.9291564,28.2336233,329.258,0.856,-317,1
1022,112.9291559,28.2336241,328.533,0.851,-287,1
1023,112.9291549,28.2336257,327.788,0.919,-273,1
1024,112.9291545,28.2336260,327.183,0.904,-259,1
1025,112.9291540,28.2336268,326.596,0.893,-242,1
1026,112.9291532,28.2336276,326.041,0.887,-220,1
1027,112.9291527,28.2336284,325.569,0.884,-195,1
1028,112.9291520,28.2336292,325.150,0.892,-171,1
1029,112.9291515,28.2336300,324.781,0.896,-142,1
1030,112.9291508,28.2336308,324.496,0.903,-142,1
1031,112.9291503,28.2336316,324.326,0.917,-104,1
1032,112.9291498,28.2336324,324.230,0.937,-60,1
1033,112.9291483,28.2336333,324.223,0.930,-23,1
1034,112.9291481,28.2336340,324.201,0.949,7,1
1035,112.9291476,28.2336349,324.294,0.955,34,1
1036,112.9291468,28.2336357,324.450,0.965,60,1
1037,112.9291462,28.2336366,324.649,0.973,88,1
1038,112.9291454,28.2336374,324.906,0.976,109,1
1039,112.9291449,28.2336383,325.195,0.984,126,1
1040,112.9291441,28.2336391,325.573,0.992,162,1
1041,112.9291436,28.2336400,326.005,1.001,193,1
1042,112.9291432,28.2336409,326.525,1.017,232,1
1043,112.9291414,28.2336414,327.169,0.975,272,1
1044,112.9291415,28.2336424,327.896,0.998,301,1
1045,112.9291411,28.2336433,328.695,1.020,319,1
1046,112.9291404,28.2336442,329.546,1.028,332,1
1047,112.9291400,28.2336452,330.437,1.044,345,1
1048,112.9291393,28.2336461,331.386,1.062,361,1
1049,112.9291389,28.2336471,332.403,1.078,374,1
1050,112.9291383,28.2336481,333.447,1.085,383,1
1051,112.9291379,28.2336491,334.530,1.091,390,1
1052,112.9291376,28.2336501,335.601,1.106,398,1
1053,112.9291358,28.2336509,336.722,1.091,408,1
1054,112.9291364,28.2336520,337.896,1.098,421,1
1055,112.9291360,28.2336530,339.068,1.105,430,1
1056,112.9291356,28.2336541,340.293,1.098,438,1
1057,112.9291353,28.2336551,341.554,1.097,442,1
1058,112.9291349,28.2336561,342.766,1.090,444,1
1059,112.9291347,28.2336571,343.999,1.080,451,1
1060,112.9291344,28.2336582,345.237,1.081,456,1
1061,112.9291342,28.2336592,346.547,1.071,456,1
1062,112.9291341,28.2336601,347.840,1.062,456,1
1063,112.9291331,28.2336616,349.251,1.107,456,1
1064,112.9291336,28.2336624,350.472,1.098,452,1
1065,112.9291333,28.2336634,351.717,1.096,448,1
1066,112.9291333,28.2336645,352.908,1.084,444,1
1067,112.9291331,28.2336655,354.132,1.070,441,1
1068,112.9291331,28.2336666,355.340,1.062,436,1
1069,112.9291329,28.2336676,356.493,1.051,430,1
1070,112.9291330,28.2336687,357.645,1.043,429,1
1071,112.9291329,28.2336697,358.782,1.027,429,1
1072,112.9291328,28.2336706,359.890,1.021,429,1
1073,112.9291335,28.2336724,1.144,1.086,429,1
1074,112.9291333,28.2336729,2.243,1.072,429,1
1075,112.9291333,28.2336739,3.406,1.058,428,1
1076,112.9291335,28.2336749,4.533,1.040,428,1
1077,112.9291335,28.2336759,5.697,1.022,427,1
1078,112.9291338,28.2336770,6.791,1.018,422,1
1079,112.9291338,28.2336779,7.868,1.012,412,1
1080,112.9291342,28.2336790,8.915,0.997,391,1
1081,112.9291343,28.2336799,9.910,1.007,377,1
1082,112.9291343,28.2336808,10.842,1.003,366,1
1083,112.9291355,28.2336826,11.642,1.052,354,1
1084,112.9291352,28.2336830,12.523,1.050,342,1
1085,112.9291354,28.2336840,13.386,1.061,331,1
1086,112.9291358,28.2336850,14.237,1.054,320,1
1087,112.9291360,28.2336859,15.029,1.041,309,1
1088,112.9291365,28.2336870,15.811,1.041,299,1
1089,112.9291367,28.2336879,16.560,1.041,292,1
1090,112.9291373,28.2336889,17.296,1.028,289,1
1091,112.9291375,28.2336899,18.060,1.016,286,1
1092,112.9291377,28.2336908,18.715,1.005,282,1
1093,112.9291390,28.2336923,19.429,1.029,280,1
1094,112.9291390,28.2336929,20.152,1.028,280,1
1095,112.9291393,28.2336938,20.844,1.011,280,1
1096,112.9291399,28.2336948,21.530,1.001,277,1
1097,112.9291402,28.2336957,22.194,0.989,271,1
1098,112.9291408,28.2336967,22.875,0.987,264,1
1099,112.9291411,28.2336976,23.506,0.984,258,1
1100,112.9291418,28.2336985,24.161,0.971,254,1
1101,112.9291421,28.2336994,24.785,0.952,248,1
1102,112.9291424,28.2337003,25.381,0.939,236,1
1103,112.9291441,28.2337016,25.826,0.956,220,1
1104,112.9291439,28.2337021,26.325,0.965,193,1
1105,112.9291442,28.2337030,26.763,0.960,193,1
1106,112.9291450,28.2337040,27.138,0.955,171,1
1107,112.9291453,28.2337049,27.515,0.961,143,1
1108,112.9291461,28.2337058,27.781,0.973,114,1
1109,112.9291464,28.2337066,27.972,0.975,81,1
1110,112.9291472,28.2337076,28.123,0.981,49,1
1111,112.9291475,28.2337085,28.187,0.991,22,1
1112,112.9291477,28.2337093,28.186,1.000,-4,1
1113,112.9291496,28.2337105,28.216,1.020,-33,1
1114,112.9291493,28.2337111,28.058,1.024,-64,1
1115,112.9291496,28.2337121,27.864,1.030,-89,1
1116,112.9291504,28.2337129,27.582,1.027,-112,1
1117,112.9291506,28.2337139,27.280,1.038,-137,1
1118,112.9291514,28.2337147,26.900,1.044,-163,1
1119,112.9291516,28.2337157,26.469,1.042,-189,1
1120,112.9291523,28.2337166,25.926,1.061,-221,1
1121,112.9291525,28.2337175,25.327,1.072,-246,1
1122,112.9291526,28.2337185,24.646,1.086,-267,1
1123,112.9291547,28.2337192,23.895,1.091,-289,1
1124,112.9291543,28.2337203,23.103,1.105,-309,1
1125,112.9291544,28.2337213,22.271,1.125,-328,1
1126,112.9291551,28.2337223,21.357,1.131,-347,1
1127,112.9291552,28.2337233,20.420,1.132,-367,1
1128,112.9291559,28.2337242,19.436,1.131,-383,1
1129,112.9291558,28.2337253,18.413,1.140,-390,1
1130,112.9291509,28.2337263,17.393,1.140,-390,1
1131,112.9291508,28.2337273,16.336,1.136,-390,1
1132,112.9291507,28.2337283,15.278,1.146,-389,1
1133,112.9291530,28.2337291,14.328,1.135,-388,1
1134,112.9291577,28.2337304,13.271,1.140,-388,1
1135,112.9291577,28.2337314,12.217,1.136,-388,1
1136,112.9291529,28.2337325,11.149,1.129,-388,1
1137,112.9291528,28.2337335,10.101,1.121,-388,1
1138,112.9291527,28.2337346,9.056,1.099,-389,1
1139,112.9291525,28.2337355,8.069,1.082,-391,1
1140,112.9291524,28.2337366,7.052,1.070,-396,1
1141,112.9291522,28.2337376,6.030,1.053,-397,1
1142,112.9291519,28.2337385,5.006,1.030,-397,1
1143,112.9291545,28.2337398,3.996,1.048,-397,1
1144,112.9291593,28.2337407,3.009,1.040,-397,1
1145,112.9291591,28.2337416,2.007,1.037,-397,1
1146,112.9291540,28.2337426,0.981,1.035,-401,1
1147,112.9291538,28.2337436,359.943,1.028,-405,1
1148,112.9291535,28.2337446,358.910,1.026,-405,1
1149,112.9291533,28.2337456,357.867,1.014,-407,1
1150,112.9291530,28.2337466,356.788,1.000,-409,1
1151,112.9291527,28.2337475,355.743,0.987,-413,1
1152,112.9291523,28.2337484,354.652,0.965,-418,1
1153,112.9291551,28.2337500,353.669,1.017,-422,1
1154,112.9291585,28.2337506,352.599,0.993,-422,1
1155,112.9291583,28.2337514,351.526,0.979,-423,1
1156,112.9291581,28.2337524,350.473,0.967,-426,1
1157,112.9291578,28.2337533,349.398,0.941,-431,1
1158,112.9291577,28.2337543,348.321,0.920,-436,1
1159,112.9291573,28.2337551,347.202,0.918,-440,1
1160,112.9291572,28.2337561,346.095,0.916,-442,1
1161,112.9291568,28.2337569,344.993,0.901,-444,1
1162,112.9291564,28.2337577,343.841,0.886,-445,1
1163,112.9291590,28.2337592,342.850,0.925,-448,1
1164,112.9291561,28.2337597,341.699,0.903,-451,1
1165,112.9291557,28.2337605,340.584,0.891,-452,1
1166,112.9291552,28.2337614,339.438,0.872,-453,1
1167,112.9291548,28.2337622,338.282,0.857,-453,1
1168,112.9291544,28.2337631,337.163,0.847,-453,1
1169,112.9291540,28.2337639,336.038,0.829,-454,1
1170,112.9291536,28.2337648,334.921,0.800,-455,1
1171,112.9291531,28.2337655,333.823,0.779,-456,1
1172,112.9291527,28.2337662,332.719,0.770,-456,1
1173,112.9291535,28.2337677,331.680,0.827,-457,1
1174,112.9291516,28.2337681,330.541,0.807,-457,1
1175,112.9291510,28.2337688,329.394,0.795,-457,1
1176,112.9291505,28.2337696,328.266,0.789,-457,1
1177,112.9291499,28.2337703,327.117,0.765,-457,1
1178,112.9291493,28.2337712,325.974,0.745,-457,1
1179,112.9291487,28.2337719,324.829,0.730,-457,1
1180,112.9291480,28.2337727,323.648,0.713,-457,1
1181,112.9291474,28.2337733,322.514,0.689,-457,1
1182,112.9291467,28.2337739,321.359,0.675,-457,1
1183,112.9291459,28.2337754,320.325,0.740,-457,1
1184,112.9291452,28.2337755,319.167,0.718,-457,1
1185,112.9291446,28.2337762,318.017,0.690,-458,1
1186,112.9291438,28.2337769,316.915,0.667,-458,1
1187,112.9291432,28.2337775,315.797,0.641,-458,1
1188,112.9291423,28.2337782,314.668,0.630,-459,1
1189,112.9291416,28.2337787,313.520,0.603,-460,1
1190,112.9291407,28.2337794,312.372,0.578,-462,1
1191,112.9291400,28.2337799,311.208,0.536,-464,1
1192,112.9291392,28.2337803,310.027,0.511,-464,1
1193,112.9291377,28.2337815,308.956,0.579,-465,1
1194,112.9291372,28.2337816,307.789,0.575,-467,1
1195,112.9291364,28.2337821,306.638,0.544,-469,1
1196,112.9291355,28.2337827,305.468,0.518,-472,1
1197,112.9291346,28.2337832,304.220,0.494,-474,1
1198,112.9291336,28.2337837,303.008,0.473,-475,1
1199,112.9291327,28.2337841,301.762,0.442,-477,1
1200,112.9291318,28.2337846,300.512,0.411,-480,1
1201,112.9291309,28.2337850,299.314,0.380,-482,1
1202,112.9291300,28.2337853,298.093,0.349,-485,1
1203,112.9291285,28.2337863,296.952,0.398,-487,1
1204,112.9291278,28.2337862,295.704,0.377,-488,1
1205,112.9291268,28.2337865,294.487,0.348,-488,1
1206,112.9291258,28.2337869,293.254,0.341,-488,1
1207,112.9291249,28.2337872,291.977,0.324,-488,1
1208,112.9291239,28.2337876,290.731,0.279,-488,1
1209,112.9291229,28.2337878,289.475,0.262,-488,1
1210,112.9291218,28.2337882,288.260,0.254,-486,1
1211,112.9291208,28.2337884,287.046,0.221,-482,1
1212,112.9291198,28.2337886,285.819,0.180,-477,1
1213,112.9291187,28.2337893,284.611,0.221,-474,1
1214,112.9291179,28.2337891,283.403,0.232,-473,1
1215,112.9291169,28.2337893,282.203,0.210,-473,1
1216,112.9291158,28.2337895,280.999,0.162,-473,1
1217,112.9291148,28.2337896,279.772,0.129,-472,1
1218,112.9291137,28.2337897,278.614,0.107,-471,1
1219,112.9291127,28.2337898,277.400,0.095,-471,1
1220,112.9291115,28.2337898,276.253,0.094,-469,1
1221,112.9291105,28.2337898,275.073,0.075,-467,1
1222,112.9291095,28.2337899,273.873,0.075,-466,1
1223,112.9291080,28.2337899,272.787,0.083,-466,1
1224,112.9291070,28.2337901,271.630,0.032,-464,1
1225,112.9291060,28.2337901,270.531,0.017,-456,1
1226,112.9291050,28.2337900,269.424,0.017,-449,1
1227,112.9291041,28.2337900,268.386,-0.006,-443,1
1228,112.9291030,28.2337898,267.390,0.008,-433,1
1229,112.9291020,28.2337898,266.429,0.024,-423,1
1230,112.9291011,28.2337896,265.425,-0.006,-420,1
1231,112.9291001,28.2337896,264.433,-0.038,-419,1
1232,112.9290991,28.2337895,263.442,-0.053,-412,1
1233,112.9290977,28.2337888,262.478,-0.128,-395,1
1234,112.9290968,28.2337890,261.535,-0.136,-382,1
1235,112.9290957,28.2337889,260.625,-0.150,-371,1
1236,112.9290946,28.2337886,259.694,-0.159,-360,1
1237,112.9290935,28.2337885,258.813,-0.167,-349,1
1238,112.9290923,28.2337882,257.966,-0.184,-340,1
1239,112.9290912,28.2337880,257.147,-0.217,-335,1
1240,112.9290901,28.2337877,256.307,-0.236,-331,1
1241,112.9290890,28.2337875,255.518,-0.232,-328,1
1242,112.9290879,28.2337873,254.710,-0.228,-324,1
1243,112.9290867,28.2337862,253.960,-0.302,-319,1
1244,112.9290858,28.2337864,253.172,-0.307,-315,1
1245,112.9290848,28.2337861,252.405,-0.323,-310,1
1246,112.9290837,28.2337857,251.650,-0.338,-306,1
1247,112.9290827,28.2337854,250.925,-0.346,-303,1
1248,112.9290816,28.2337851,250.227,-0.362,-300,1
1249,112.9290806,28.2337847,249.512,-0.386,-297,1
1250,112.9290795,28.2337843,248.814,-0.386,-294,1
1251,112.9290784,28.2337840,248.097,-0.385,-290,1
1252,112.9290774,28.2337836,247.413,-0.400,-288,1
1253,112.9290763,28.2337829,246.711,-0.453,-287,1
1254,112.9290754,28.2337827,246.029,-0.463,-286,1
1255,112.9290744,28.2337823,245.358,-0.472,-286,1
1256,112.9290734,28.2337818,244.707,-0.489,-286,1
1257,112.9290724,28.2337814,244.036,-0.514,-284,1
1258,112.9290714,28.2337809,243.374,-0.529,-279,1
1259,112.9290704,28.2337805,242.734,-0.515,-274,1
1260,112.9290695,28.2337800,242.129,-0.520,-271,1
1261,112.9290685,28.2337795,241.538,-0.542,-268,1
1262,112.9290675,28.2337790,240.919,-0.554,-266,1
1263,112.9290667,28.2337785,240.329,-0.535,-264,1
1264,112.9290657,28.2337780,239.754,-0.536,-261,1
1265,112.9290647,28.2337775,239.161,-0.536,-257,1
1266,112.9290638,28.2337771,238.548,-0.545,-252,1
1267,112.9290628,28.2337766,237.984,-0.561,-251,1
1268,112.9290619,28.2337761,237.408,-0.578,-249,1
1269,112.9290609,28.2337755,236.845,-0.591,-245,1
1270,112.9290601,28.2337750,236.294,-0.610,-242,1
1271,112.9290591,28.2337744,235.719,-0.625,-235,1
1272,112.9290581,28.2337738,235.156,-0.631,-232,1
1273,112.9290579,28.2337731,234.632,-0.641,-229,1
1274,112.9290566,28.2337725,234.122,-0.644,-227,1
1275,112.9290557,28.2337720,233.602,-0.655,-225,1
1276,112.9290548,28.2337714,233.142,-0.665,-225,1
1277,112.9290539,28.2337708,232.588,-0.665,-225,1
1278,112.9290532,28.2337701,232.073,-0.668,-225,1
1279,112.9290523,28.2337695,231.586,-0.681,-225,1
1280,112.9290514,28.2337688,231.082,-0.693,-225,1
1281,112.9290505,28.2337682,230.575,-0.707,-225,1
1282,112.9290496,28.2337675,230.079,-0.719,-224,1
1283,112.9290493,28.2337667,229.592,-0.696,-223,1
1284,112.9290481,28.2337662,229.072,-0.700,-221,1
1285,112.9290472,28.2337655,228.562,-0.713,-220,1
1286,112.9290464,28.2337649,228.051,-0.711,-219,1
1287,112.9290455,28.2337642,227.537,-0.713,-219,1
1288,112.9290447,28.2337635,227.056,-0.729,-219,1
1289,112.9290439,28.2337628,226.570,-0.736,-218,1
1290,112.9290431,28.2337621,226.076,-0.745,-218,1
1291,112.9290423,28.2337614,225.590,-0.744,-218,1
1292,112.9290414,28.2337607,225.079,-0.742,-218,1
1293,112.9290412,28.2337597,224.556,-0.772,-218,1
1294,112.9290401,28.2337592,224.043,-0.776,-218,1
1295,112.9290394,28.2337585,223.546,-0.783,-218,1
1296,112.9290386,28.2337577,223.028,-0.792,-218,1
1297,112.9290379,28.2337570,222.530,-0.801,-218,1
1298,112.9290372,28.2337562,222.021,-0.810,-218,1
1299,112.9290365,28.2337555,221.536,-0.853,-218,1
1300,112.9290358,28.2337546,221.025,-0.855,-217,1
1301,112.9290350,28.2337539,220.567,-0.838,-216,1
1302,112.9290343,28.2337531,220.059,-0.843,-215,1
1303,112.9290338,28.2337519,219.597,-0.885,-213,1
1304,112.9290329,28.2337514,219.089,-0.877,-210,1
1305,112.9290322,28.2337506,218.573,-0.891,-206,1
1306,112.9290315,28.2337498,218.075,-0.908,-205,1
1307,112.9290308,28.2337489,217.581,-0.919,-204,1
1308,112.9290300,28.2337481,217.100,-0.939,-203,1
1309,112.9290294,28.2337473,216.599,-0.944,-202,1
1310,112.9290287,28.2337464,216.091,-0.939,-200,1
1311,112.9290281,28.2337455,215.608,-0.953,-199,1
1312,112.9290274,28.2337447,215.124,-0.956,-196,1
1313,112.9290264,28.2337439,214.632,-0.944,-192,1
1314,112.9290260,28.2337430,214.181,-0.944,-191,1
1315,112.9290253,28.2337422,213.728,-0.948,-191,1
1316,112.9290247,28.2337413,213.262,-0.953,-191,1
1317,112.9290240,28.2337404,212.796,-0.954,-191,1
1318,112.9290234,28.2337396,212.327,-0.966,-191,1
1319,112.9290228,28.2337387,211.870,-0.976,-191,1
1320,112.9290222,28.2337378,211.447,-0.986,-191,1
1321,112.9290216,28.2337369,211.040,-0.991,-191,1
1322,112.9290210,28.2337360,210.580,-1.005,-189,1
1323,112.9290206,28.2337351,210.138,-0.999,-188,1
1324,112.9290201,28.2337342,209.696,-1.009,-188,1
1325,112.9290195,28.2337333,209.234,-1.019,-188,1
1326,112.9290189,28.2337323,208.806,-1.025,-188,1
1327,112.9290184,28.2337314,208.350,-1.039,-188,1
1328,112.9290178,28.2337304,207.889,-1.049,-188,1
1329,112.9290173,28.2337295,207.442,-1.047,-188,1
1330,112.9290169,28.2337285,206.990,-1.037,-188,1
1331,112.9290163,28.2337276,206.531,-1.045,-188,1
1332,112.9290158,28.2337267,206.066,-1.056,-188,1
1333,112.9290154,28.2337257,205.668,-1.055,-188,1
1334,112.9290149,28.2337248,205.221,-1.065,-188,1
1335,112.9290144,28.2337239,204.778,-1.069,-188,1
1336,112.9290140,28.2337229,204.314,-1.078,-187,1
1337,112.9290135,28.2337219,203.918,-1.084,-185,1
1338,112.9290131,28.2337209,203.476,-1.086,-184,1
1339,112.9290126,28.2337200,203.055,-1.093,-184,1
1340,112.9290122,28.2337190,202.637,-1.104,-183,1
1341,112.9290117,28.2337180,202.198,-1.108,-180,1
1342,112.9290113,28.2337170,201.749,-1.111,-178,1
1343,112.9290112,28.2337161,201.328,-1.085,-175,1
1344,112.9290106,28.2337151,200.941,-1.094,-174,1
1345,112.9290102,28.2337141,200.540,-1.106,-173,1
1346,112.9290097,28.2337132,200.166,-1.117,-173,1
1347,112.9290093,28.2337122,199.762,-1.123,-171,1
1348,112.9290090,28.2337112,199.411,-1.129,-165,1
1349,112.9290086,28.2337102,199.022,-1.136,-158,1
1350,112.9290084,28.2337092,198.676,-1.143,-151,1
1351,112.9290080,28.2337081,198.326,-1.150,-146,1
1352,112.9290076,28.2337071,197.958,-1.149,-140,1
1353,112.9290074,28.2337063,197.606,-1.125,-133,1
1354,112.9290070,28.2337052,197.324,-1.129,-125,1
1355,112.9290066,28.2337042,197.050,-1.131,-114,1
1356,112.9290063,28.2337032,196.819,-1.136,-103,1
1357,112.9290059,28.2337022,196.583,-1.146,-94,1
1358,112.9290055,28.2337011,196.378,-1.157,-91,1
1359,112.9290052,28.2337001,196.141,-1.164,-88,1
1360,112.9290049,28.2336991,195.921,-1.179,-87,1
1361,112.9290045,28.2336980,195.760,-1.190,-86,1
1362,112.9290041,28.2336970,195.558,-1.196,-86,1
1363,112.9290041,28.2336961,195.289,-1.173,-86,1
1364,112.9290037,28.2336950,195.068,-1.172,-86,1
1365,112.9290034,28.2336939,194.904,-1.176,-86,1
1366,112.9290032,28.2336929,194.727,-1.174,-86,1
1367,112.9290028,28.2336919,194.520,-1.177,-86,1
1368,112.9290026,28.2336909,194.319,-1.177,-86,1
1369,112.9290023,28.2336898,194.135,-1.183,-86,1
1370,112.9290021,28.2336888,193.959,-1.190,-84,1
1371,112.9290018,28.2336878,193.790,-1.191,-82,1
1372,112.9290014,28.2336867,193.599,-1.195,-80,1
1373,112.9290016,28.2336861,193.348,-1.160,-80,1
1374,112.9290011,28.2336848,193.172,-1.164,-80,1
1375,112.9290008,28.2336837,192.982,-1.168,-80,1
1376,112.9290006,28.2336827,192.815,-1.166,-80,1
1377,112.9290004,28.2336816,192.638,-1.170,-80,1
1378,112.9290001,28.2336806,192.455,-1.177,-80,1
1379,112.9289999,28.2336796,192.286,-1.183,-80,1
1380,112.9289997,28.2336786,192.103,-1.183,-80,1
1381,112.9289995,28.2336775,191.905,-1.185,-80,1
1382,112.9289993,28.2336764,191.735,-1.187,-80,1
1383,112.9289990,28.2336757,191.553,-1.145,-80,1
1384,112.9289988,28.2336745,191.340,-1.155,-80,1
1385,112.9289986,28.2336734,191.115,-1.165,-80,1
1386,112.9289984,28.2336724,190.930,-1.174,-80,1
1387,112.9289981,28.2336714,190.729,-1.177,-80,1
1388,112.9289979,28.2336704,190.532,-1.186,-80,1
1389,112.9289977,28.2336693,190.381,-1.186,-80,1
1390,112.9289976,28.2336683,190.185,-1.193,-80,1
1391,112.9289974,28.2336672,190.019,-1.188,-80,1
1392,112.9289972,28.2336662,189.814,-1.193,-80,1
1393,112.9289972,28.2336655,189.601,-1.153,-80,1
1394,112.9289968,28.2336642,189.376,-1.158,-80,1
1395,112.9289966,28.2336632,189.187,-1.160,-80,1
1396,112.9289964,28.2336622,188.988,-1.165,-80,1
1397,112.9289962,28.2336612,188.806,-1.173,-80,1
1398,112.9289961,28.2336602,188.620,-1.186,-80,1
1399,112.9289959,28.2336591,188.435,-1.191,-80,1
1400,112.9289958,28.2336581,188.279,-1.193,-80,1
1401,112.9289957,28.2336570,188.110,-1.196,-79,1
1402,112.9289955,28.2336560,187.906,-1.205,-78,1
1403,112.9289955,28.2336554,187.717,-1.178,-77,1
1404,112.9289953,28.2336540,187.550,-1.186,-76,1
1405,112.9289951,28.2336530,187.398,-1.188,-75,1
1406,112.9289950,28.2336519,187.232,-1.190,-72,1
1407,112.9289949,28.2336509,187.100,-1.183,-70,1
1408,112.9289947,28.2336499,186.921,-1.193,-69,1
1409,112.9289946,28.2336488,186.748,-1.201,-69,1
1410,112.9289945,28.2336478,186.560,-1.206,-69,1
1411,112.9289944,28.2336467,186.398,-1.212,-69,1
1412,112.9289942,28.2336456,186.236,-1.218,-68,1
1413,112.9289942,28.2336449,186.076,-1.173,-68,1
1414,112.9289941,28.2336437,185.920,-1.174,-67,1
1415,112.9289939,28.2336426,185.786,-1.180,-67,1
1416,112.9289938,28.2336416,185.626,-1.182,-67,1
1417,112.9289937,28.2336405,185.467,-1.184,-67,1
1418,112.9289936,28.2336395,185.293,-1.189,-67,1
1419,112.9289934,28.2336384,185.132,-1.191,-67,1
1420,112.9289934,28.2336374,184.993,-1.195,-67,1
1421,112.9289933,28.2336363,184.807,-1.204,-68,1
1422,112.9289932,28.2336353,184.627,-1.208,-69,1
1423,112.9289934,28.2336346,184.469,-1.166,-69,1
1424,112.9289932,28.2336333,184.356,-1.170,-69,1
1425,112.9289931,28.2336323,184.194,-1.183,-69,1
1426,112.9289931,28.2336313,184.055,-1.180,-69,1
1427,112.9289930,28.2336302,183.909,-1.178,-69,1
1428,112.9289929,28.2336292,183.760,-1.179,-71,1
1429,112.9289928,28.2336281,183.580,-1.186,-73,1
1430,112.9289928,28.2336271,183.400,-1.189,-75,1
1431,112.9289927,28.2336260,183.203,-1.196,-78,1
1432,112.9289926,28.2336249,183.020,-1.206,-83,1
1433,112.9289928,28.2336242,182.823,-1.181,-88,1
1434,112.9289925,28.2336229,182.619,-1.186,-94,1
1435,112.9289925,28.2336219,182.365,-1.179,-99,1
1436,112.9289925,28.2336208,182.096,-1.177,-104,1
1437,112.9289925,28.2336198,181.884,-1.178,-107,1
1438,112.9289925,28.2336187,181.626,-1.178,-110,1
1439,112.9289925,28.2336177,181.404,-1.179,-112,1
1440,112.9289925,28.2336167,181.160,-1.186,-113,1
1441,112.9289924,28.2336156,180.903,-1.188,-115,1
1442,112.9289924,28.2336145,180.633,-1.196,-125,1
1443,112.9289927,28.2336138,180.367,-1.171,-131,1
1444,112.9289925,28.2336126,180.057,-1.174,-137,1
1445,112.9289925,28.2336115,179.739,-1.172,-137,1
1446,112.9289925,28.2336105,179.409,-1.172,-143,1
1447,112.9289926,28.2336094,179.044,-1.175,-149,1
1448,112.9289927,28.2336084,178.664,-1.176,-154,1
1449,112.9289927,28.2336073,178.333,-1.181,-159,1
1450,112.9289928,28.2336063,177.954,-1.185,-162,1
1451,112.9289929,28.2336052,177.596,-1.195,-164,1
1452,112.9289930,28.2336041,177.175,-1.195,-166,1
1453,112.9289932,28.2336033,176.794,-1.180,-169,1
1454,112.9289931,28.2336022,176.396,-1.192,-174,1
1455,112.9289933,28.2336011,175.978,-1.201,-179,1
1456,112.9289933,28.2336001,175.530,-1.203,-184,1
1457,112.9289935,28.2335990,175.090,-1.213,-188,1
1458,112.9289936,28.2335979,174.603,-1.218,-195,1
1459,112.9289938,28.2335968,174.096,-1.223,-205,1
1460,112.9289939,28.2335958,173.572,-1.228,-216,1
1461,112.9289942,28.2335947,173.006,-1.228,-232,1
1462,112.9289944,28.2335936,172.424,-1.221,-239,1
1463,112.9289944,28.2335928,171.783,-1.171,-248,1
1464,112.9289947,28.2335916,171.177,-1.173,-258,1
1465,112.9289950,28.2335905,170.482,-1.170,-268,1
1466,112.9289952,28.2335895,169.782,-1.162,-277,1
1467,112.9289955,28.2335884,169.064,-1.169,-288,1
1468,112.9289958,28.2335874,168.297,-1.171,-298,1
1469,112.9289961,28.2335863,167.511,-1.172,-308,1
1470,112.9289964,28.2335852,166.692,-1.169,-315,1
1471,112.9289968,28.2335842,165.880,-1.161,-321,1
1472,112.9289972,28.2335831,165.019,-1.158,-326,1
1473,112.9289972,28.2335821,164.222,-1.190,-331,1
1474,112.9289979,28.2335810,163.287,-1.186,-335,1
1475,112.9289983,28.2335799,162.390,-1.175,-336,1
1476,112.9289987,28.2335789,161.461,-1.177,-336,1
1477,112.9289992,28.2335778,160.552,-1.171,-336,1
1478,112.9289997,28.2335768,159.630,-1.161,-336,1
1479,112.9290002,28.2335757,158.712,-1.153,-336,1
1480,112.9290007,28.2335747,157.816,-1.148,-336,1
1481,112.9290012,28.2335737,156.891,-1.127,-336,1
1482,112.9290017,28.2335727,155.938,-1.115,-336,1
1483,112.9290022,28.2335718,155.078,-1.136,-336,1
1484,112.9290029,28.2335707,154.180,-1.125,-336,1
1485,112.9290034,28.2335697,153.270,-1.104,-336,1
1486,112.9290041,28.2335687,152.330,-1.093,-336,1
1487,112.9290047,28.2335678,151.396,-1.088,-336,1
1488,112.9290054,28.2335669,150.472,-1.077,-336,1
1489,112.9290060,28.2335659,149.565,-1.056,-335,1
1490,112.9290067,28.2335650,148.658,-1.042,-333,1
1491,112.9290074,28.2335641,147.756,-1.033,-331,1
1492,112.9290080,28.2335632,146.880,-1.020,-329,1
1493,112.9290092,28.2335626,146.008,-0.980,-328,1
1494,112.9290097,28.2335615,145.114,-0.970,-327,1
1495,112.9290104,28.2335606,144.239,-0.970,-325,1
1496,112.9290112,28.2335598,143.364,-0.957,-323,1
1497,112.9290120,28.2335589,142.523,-0.944,-321,1
1498,112.9290128,28.2335581,141.689,-0.929,-317,1
1499,112.9290136,28.2335572,140.841,-0.918,-315,1
1500,112.9290144,28.2335565,140.011,-0.907,-314,1
1501,112.9290152,28.2335556,139.169,-0.892,-314,1
1502,112.9290160,28.2335548,138.328,-0.878,-313,1
1503,112.9290172,28.2335541,137.583,-0.892,-313,1
1504,112.9290180,28.2335532,136.784,-0.871,-313,1
1505,112.9290188,28.2335524,135.935,-0.867,-312,1
1506,112.9290198,28.2335517,135.079,-0.870,-312,1
1507,112.9290207,28.2335509,134.256,-0.851,-311,1
1508,112.9290216,28.2335502,133.450,-0.827,-310,1
1509,112.9290224,28.2335495,132.652,-0.806,-309,1
1510,112.9290235,28.2335487,131.819,-0.784,-308,1
1511,112.9290244,28.2335480,130.992,-0.767,-307,1
1512,112.9290253,28.2335473,130.177,-0.748,-306,1
1513,112.9290268,28.2335468,129.435,-0.738,-306,1
1514,112.9290275,28.2335461,128.668,-0.719,-304,1
1515,112.9290284,28.2335455,127.913,-0.697,-301,1
1516,112.9290295,28.2335449,127.135,-0.686,-296,1
1517,112.9290304,28.2335442,126.382,-0.681,-293,1
1518,112.9290315,28.2335437,125.610,-0.658,-289,1
1519,112.9290324,28.2335431,124.900,-0.628,-285,1
1520,112.9290335,28.2335425,124.175,-0.620,-278,1
1521,112.9290345,28.2335419,123.490,-0.622,-273,1
1522,112.9290355,28.2335414,122.828,-0.610,-268,1
1523,112.9290371,28.2335409,122.080,-0.585,-261,1
1524,112.9290378,28.2335403,121.429,-0.566,-255,1
1525,112.9290389,28.2335398,120.790,-0.567,-249,1
1526,112.9290400,28.2335394,120.149,-0.553,-243,1
1527,112.9290410,28.2335389,119.587,-0.531,-235,1
1528,112.9290421,28.2335384,119.038,-0.531,-225,1
1529,112.9290431,28.2335380,118.515,-0.531,-214,1
1530,112.9290443,28.2335375,118.015,-0.527,-204,1
1531,112.9290453,28.2335370,117.508,-0.525,-194,1
1532,112.9290463,28.2335365,117.049,-0.513,-182,1
1533,112.9290480,28.2335361,116.653,-0.548,-171,1
1534,112.9290487,28.2335355,116.245,-0.534,-156,1
1535,112.9290498,28.2335350,115.882,-0.514,-144,1
1536,112.9290510,28.2335347,115.519,-0.523,-127,1
1537,112.9290521,28.2335342,115.223,-0.526,-107,1
1538,112.9290533,28.2335338,114.968,-0.522,-88,1
1539,112.9290544,28.2335334,114.747,-0.536,-75,1
1540,112.9290556,28.2335330,114.551,-0.547,-69,1
1541,112.9290567,28.2335325,114.417,-0.549,-64,1
1542,112.9290578,28.2335320,114.248,-0.546,-58,1
1543,112.9290593,28.2335319,114.064,-0.513,-48,1
1544,112.9290603,28.2335311,113.943,-0.514,-37,1
1545,112.9290614,28.2335307,113.828,-0.507,-28,1
1546,112.9290626,28.2335303,113.796,-0.510,-28,1
1547,112.9290637,28.2335299,113.774,-0.517,-18,1
1548,112.9290649,28.2335295,113.732,-0.501,-9,1
1549,112.9290661,28.2335291,113.757,-0.491,0,1
1550,112.9290673,28.2335287,113.811,-0.514,10,1
1551,112.9290684,28.2335282,113.861,-0.520,18,1
1552,112.9290695,28.2335278,113.940,-0.509,25,1
1553,112.9290709,28.2335277,114.024,-0.489,32,1
1554,112.9290717,28.2335270,114.158,-0.482,39,1
1555,112.9290728,28.2335266,114.269,-0.481,44,1
1556,112.9290740,28.2335262,114.421,-0.476,45,1
1557,112.9290750,28.2335257,114.545,-0.474,51,1
1558,112.9290762,28.2335253,114.693,-0.472,57,1
1559,112.9290773,28.2335249,114.833,-0.467,64,1
1560,112.9290784,28.2335245,114.975,-0.467,69,1
1561,112.9290794,28.2335241,115.158,-0.463,73,1
1562,112.9290804,28.2335236,115.298,-0.471,75,1
1563,112.9290821,28.2335233,115.482,-0.468,76,1
1564,112.9290828,28.2335227,115.665,-0.465,79,1
1565,112.9290838,28.2335223,115.895,-0.467,84,1
1566,112.9290849,28.2335218,116.088,-0.475,90,1
1567,112.9290859,28.2335214,116.317,-0.477,95,1
1568,112.9290870,28.2335209,116.584,-0.473,96,1
1569,112.9290881,28.2335205,116.805,-0.469,97,1
1570,112.9290892,28.2335200,117.078,-0.471,99,1
1571,112.9290902,28.2335195,117.334,-0.474,101,1
1572,112.9290912,28.2335191,117.547,-0.476,106,1
1573,112.9290929,28.2335184,117.812,-0.516,109,1
1574,112.9290936,28.2335181,118.073,-0.517,109,1
1575,112.9290946,28.2335176,118.335,-0.515,110,1
1576,112.9290957,28.2335171,118.608,-0.515,111,1
1577,112.9290967,28.2335166,118.868,-0.517,113,1
1578,112.9290977,28.2335161,119.128,-0.518,117,1
1579,112.9290987,28.2335157,119.404,-0.508,121,1
1580,112.9290998,28.2335151,119.701,-0.505,123,1
1581,112.9291008,28.2335147,120.026,-0.507,124,1
1582,112.9291018,28.2335142,120.353,-0.505,124,1
1583,112.9291031,28.2335135,120.651,-0.517,124,1
1584,112.9291039,28.2335132,120.974,-0.525,127,1
1585,112.9291049,28.2335127,121.281,-0.528,130,1
1586,112.9291058,28.2335121,121.610,-0.518,131,1
1587,112.9291067,28.2335116,121.911,-0.524,131,1
1588,112.9291078,28.2335110,122.292,-0.538,131,1
1589,112.9291087,28.2335106,122.620,-0.534,131,1
1590,112.9291097,28.2335099,122.908,-0.543,131,1
1591,112.9291107,28.2335094,123.215,-0.539,131,1
1592,112.9291116,28.2335090,123.566,-0.546,131,1
1593,112.9291129,28.2335078,123.856,-0.614,131,1
1594,112.9291136,28.2335076,124.202,-0.625,131,1
1595,112.9291145,28.2335070,124.567,-0.608,131,1
1596,112.9291155,28.2335064,124.900,-0.590,131,1
1597,112.9291164,28.2335059,125.201,-0.590,131,1
1598,112.9291176,28.2335053,125.501,-0.599,131,1
1599,112.9291185,28.2335048,125.819,-0.613,131,1
1600,112.9291194,28.2335041,126.127,-0.611,132,1
1601,112.9291203,28.2335036,126.462,-0.609,133,1
1602,112.9291212,28.2335030,126.794,-0.606,138,1
1603,112.9291225,28.2335021,127.185,-0.639,150,1
1604,112.9291231,28.2335018,127.614,-0.663,163,1
1605,112.9291239,28.2335012,128.063,-0.682,175,1
1606,112.9291249,28.2335005,128.526,-0.690,187,1
1607,112.9291257,28.2334999,129.003,-0.693,197,1
