394895.191468 3124798.631266
394895.191468 3124798.631266
394895.191468 3124798.631266
394895.191468 3124798.631266
394895.191468 3124798.631266
394895.191468 3124798.631266
394895.191468 3124798.631266
394895.191468 3124798.631266
394895.191468 3124798.631266
394895.191468 3124798.631266
394895.191468 3124798.631266
394895.191468 3124798.631266
394895.191468 3124798.631266
394895.191468 3124798.631266
394895.191468 3124798.631266
394895.191468 3124798.631266
394895.191468 3124798.631266
394895.191468 3124798.631266
394895.191468 3124798.631266
394895.191468 3124798.631266
394895.191468 3124798.631266
394895.191468 3124798.631266
394895.191468 3124798.631266
394895.191468 3124798.631266
394895.191468 3124798.631266
394895.191468 3124798.631266
394895.191468 3124798.631266
394895.191468 3124798.631266
394895.191468 3124798.631266
394895.191468 3124798.631266
394895.191468 3124798.631266
394895.191468 3124798.631266
394895.191468 3124798.631266
394895.191468 3124798.631266
394895.191468 3124798.631266
394895.191468 3124798.631266
394895.191468 3124798.631266
394895.201284 3124798.631179
394895.201284 3124798.631179
394895.201284 3124798.631179
394895.201284 3124798.631179
394895.201284 3124798.631179
394895.201284 3124798.631179
394895.201284 3124798.631179
394895.201284 3124798.631179
394895.201284 3124798.631179
394895.201284 3124798.631179
394895.201284 3124798.631179
394895.201284 3124798.631179
394895.201284 3124798.631179
394895.201284 3124798.631179
394895.191468 3124798.631266
394895.191468 3124798.631266
394895.191468 3124798.631266
394895.191468 3124798.631266
394895.191468 3124798.631266
394895.191468 3124798.631266
394895.191468 3124798.631266
394895.191468 3124798.631266
394895.191468 3124798.631266
394895.191468 3124798.631266
394895.191468 3124798.631266
394895.191468 3124798.631266
394895.191468 3124798.631266
394895.191468 3124798.631266
394895.191468 3124798.631266
394895.191468 3124798.631266
394895.191468 3124798.631266
394895.191468 3124798.631266
394895.191468 3124798.631266
394895.191468 3124798.631266
394895.191468 3124798.631266
394895.191468 3124798.631266
394895.191468 3124798.631266
394895.191468 3124798.631266
394895.191468 3124798.631266
394895.191468 3124798.631266
394895.191468 3124798.631266
394895.191468 3124798.631266
394895.191468 3124798.631266
394895.191566 3124798.642349
394895.191566 3124798.642349
394895.191566 3124798.642349
394895.191566 3124798.642349
394895.191566 3124798.642349
394895.191566 3124798.642349
394895.191566 3124798.642349
394895.191566 3124798.642349
394895.191566 3124798.642349
394895.191566 3124798.642349
394895.191566 3124798.642349
394895.191566 3124798.642349
394895.191566 3124798.642349
394895.191566 3124798.642349
394895.191566 3124798.642349
394895.191468 3124798.631266
394895.191468 3124798.631266
394895.191468 3124798.631266
394895.191468 3124798.631266
394895.191468 3124798.631266
394895.191468 3124798.631266
394895.191468 3124798.631266
394895.191468 3124798.631266
394895.191468 3124798.631266
394895.191468 3124798.631266
394895.191468 3124798.631266
394895.191468 3124798.631266
394895.191468 3124798.631266
394895.191468 3124798.631266
394895.201284 3124798.631179
394895.201284 3124798.631179
394895.201284 3124798.631179
394895.201284 3124798.631179
394895.201284 3124798.631179
394895.201284 3124798.631179
394895.201284 3124798.631179
394895.201284 3124798.631179
394895.201284 3124798.631179
394895.201284 3124798.631179
394895.201284 3124798.631179
394895.201284 3124798.631179
394895.201284 3124798.631179
394895.201284 3124798.631179
394895.201284 3124798.631179
394895.191468 3124798.631266
394895.191468 3124798.631266
394895.191468 3124798.631266
394895.191468 3124798.631266
394895.191468 3124798.631266
394895.191468 3124798.631266
394895.191468 3124798.631266
394895.191468 3124798.631266
394895.191468 3124798.631266
394895.191468 3124798.631266
394895.191468 3124798.631266
394895.191468 3124798.631266
394895.191468 3124798.631266
394895.191468 3124798.631266
394895.191468 3124798.631266
394895.201284 3124798.631179
394895.201284 3124798.631179
394895.201284 3124798.631179
394895.201284 3124798.631179
394895.201284 3124798.631179
394895.201284 3124798.631179
394895.201284 3124798.631179
394895.201284 3124798.631179
394895.201284 3124798.631179
394895.201284 3124798.631179
394895.201284 3124798.631179
394895.201284 3124798.631179
394895.201284 3124798.631179
394895.201284 3124798.631179
394895.191468 3124798.631266
394895.191468 3124798.631266
394895.191468 3124798.631266
394895.191468 3124798.631266
394895.191468 3124798.631266
394895.191468 3124798.631266
394895.191468 3124798.631266
394895.191468 3124798.631266
394895.191468 3124798.631266
394895.191468 3124798.631266
394895.191468 3124798.631266
394895.191468 3124798.631266
394895.191468 3124798.631266
394895.191468 3124798.631266
394895.191468 3124798.631266
394895.191468 3124798.631266
394895.191468 3124798.631266
394895.191468 3124798.631266
394895.191468 3124798.631266
394895.191468 3124798.631266
394895.191468 3124798.631266
394895.191468 3124798.631266
394895.191468 3124798.631266
394895.191468 3124798.631266
394895.191468 3124798.631266
